    5,                   4
   10,                   1
   15,                   2
   20,                   3
   25,                   4
   30,                   5
   35,                   7
   40,                   6
   45,                   7
   50,                   9
   55,                   9
   60,                  11
   65,                  11
   70,                  12
   75,                  15
   80,                  16
   85,                  16
   90,                  17
   95,                  18
  100,                  20
  105,                  20
  110,                  22
  115,                  23
  120,                  24
  125,                  25
  130,                 112
  135,                  28
  140,                  30
  145,                  31
  150,                  32
  155,                  33
  160,                  34
  165,                  35
  170,                  37
  175,                  37
  180,                  40
  185,                  41
  190,                  42
  195,                  43
  200,                  46
  205,                  45
  210,                  48
  215,                  50
  220,                  49
  225,                  51
  230,                  53
  235,                  54
  240,                  55
  245,                  57
  250,                  58
  255,                  60
  260,                  60
  265,                  61
  270,                  62
  275,                  65
  280,                  66
  285,                  67
  290,                  69
  295,                  70
  300,                  72
  305,                  72
  310,                  74
  315,                  76
  320,                  77
  325,                  78
  330,                  79
  335,                  81
  340,                  82
  345,                  85
  350,                  85
  355,                  86
  360,                  89
  365,                  89
  370,                  91
  375,                  93
  380,                  94
  385,                  95
  390,                  97
  395,                  98
  400,                 102
  405,                 116
  410,                 104
  415,                 106
  420,                 105
  425,                 106
  430,                 110
  435,                 109
  440,                 112
  445,                 114
  450,                 114
  455,                 116
  460,                 118
  465,                 120
  470,                 122
  475,                 120
  480,                 128
  485,                 165
  490,                 154
  495,                 159
  500,                 168
  505,                 133
  510,                 404
  515,                 164
  520,                 139
  525,                 139
  530,                 140
  535,                 141
  540,                 144
  545,                 144
  550,                 188
  555,                 151
  560,                 148
  565,                 153
  570,                 151
  575,                 153
  580,                 153
  585,                 154
  590,                 155
  595,                 158
  600,                 157
  605,                 161
  610,                 164
  615,                 163
  620,                 165
  625,                 168
  630,                 197
  635,                 205
  640,                 190
  645,                 211
  650,                 203
  655,                 179
  660,                 178
  665,                 181
  670,                 181
  675,                 183
  680,                 185
  685,                 187
  690,                 200
  695,                 191
  700,                 190
  705,                 193
  710,                 195
  715,                 196
  720,                 200
  725,                 197
  730,                 200
  735,                 203
  740,                 206
  745,                 206
  750,                 205
  755,                 244
  760,                 274
  765,                 259
  770,                 263
  775,                 274
  780,                 267
  785,                 259
  790,                 268
  795,                 273
  800,                 222
  805,                 226
  810,                 227
  815,                 226
  820,                 256
  825,                 232
  830,                 234
  835,                 236
  840,                 235
  845,                 235
  850,                 248
  855,                 241
  860,                 242
  865,                 246
  870,                 246
  875,                 254
  880,                 249
  885,                 251
  890,                 251
  895,                 251
  900,                 255
  905,                 257
  910,                 259
  915,                 266
  920,                 263
  925,                 264
  930,                 263
  935,                 267
  940,                 267
  945,                 272
  950,                 283
  955,                 275
  960,                 272
  965,                 310
  970,                 279
  975,                 280
  980,                 279
  985,                 284
  990,                 284
  995,                 292
 1000,                 289
 1005,                 290
 1010,                 291
 1015,                 293
 1020,                 295
 1025,                 298
 1030,                 296
 1035,                 299
 1040,                 301
 1045,                 302
 1050,                 305
 1055,                 306
 1060,                 307
 1065,                 312
 1070,                 308
 1075,                 314
 1080,                 311
 1085,                 317
 1090,                 322
 1095,                 320
 1100,                 323
 1105,                 324
 1110,                 328
 1115,                 327
 1120,                 333
 1125,                 327
 1130,                 336
 1135,                 334
 1140,                 338
 1145,                 338
 1150,                 339
 1155,                 341
 1160,                 350
 1165,                 341
 1170,                 350
 1175,                 348
 1180,                 346
 1185,                 349
 1190,                 353
 1195,                 355
 1200,                 354
 1205,                 358
 1210,                 363
 1215,                 360
 1220,                 362
 1225,                 364
 1230,                 471
 1235,                 372
 1240,                 372
 1245,                 371
 1250,                 383
 1255,                 375
 1260,                 373
 1265,                 375
 1270,                 379
 1275,                 382
 1280,                 382
 1285,                 384
 1290,                 385
 1295,                 387
 1300,                 391
 1305,                 390
 1310,                 391
 1315,                 396
 1320,                 397
 1325,                 398
 1330,                 401
 1335,                 409
 1340,                 405
 1345,                 406
 1350,                 407
 1355,                 408
 1360,                 413
 1365,                 416
 1370,                 416
 1375,                 418
 1380,                 417
 1385,                 420
 1390,                 420
 1395,                 423
 1400,                 424
 1405,                 429
 1410,                 425
 1415,                 433
 1420,                 433
 1425,                 434
 1430,                 434
 1435,                 437
 1440,                 442
 1445,                 439
 1450,                 440
 1455,                 440
 1460,                 444
 1465,                 444
 1470,                 445
 1475,                 452
 1480,                 452
 1485,                 454
 1490,                 468
 1495,                 461
 1500,                 463
 1505,                 459
 1510,                 457
 1515,                 484
 1520,                 463
 1525,                 462
 1530,                 466
 1535,                 475
 1540,                 474
 1545,                 484
 1550,                 476
 1555,                 476
 1560,                 479
 1565,                 483
 1570,                 493
 1575,                 484
 1580,                 488
 1585,                 486
 1590,                 489
 1595,                 489
 1600,                 496
 1605,                 494
 1610,                 498
 1615,                 500
 1620,                 504
 1625,                 505
 1630,                 504
 1635,                 506
 1640,                 507
 1645,                 512
 1650,                 518
 1655,                 515
 1660,                 518
 1665,                 519
 1670,                 518
 1675,                 524
 1680,                 528
 1685,                 530
 1690,                 538
 1695,                 532
 1700,                 531
 1705,                 532
 1710,                 532
 1715,                 538
 1720,                 537
 1725,                 543
 1730,                 537
 1735,                 543
 1740,                 546
 1745,                 545
 1750,                 551
 1755,                 551
 1760,                 552
 1765,                 555
 1770,                 556
 1775,                 558
 1780,                 556
 1785,                 559
 1790,                 565
 1795,                 564
 1800,                 566
 1805,                 562
 1810,                 567
 1815,                 568
 1820,                 573
 1825,                 576
 1830,                 581
 1835,                 578
 1840,                 582
 1845,                 589
 1850,                 586
 1855,                 588
 1860,                 588
 1865,                 591
 1870,                 602
 1875,                 591
 1880,                 593
 1885,                 598
 1890,                 598
 1895,                 602
 1900,                 606
 1905,                 605
 1910,                 604
 1915,                 605
 1920,                 610
 1925,                 612
 1930,                 609
 1935,                 620
 1940,                 613
 1945,                 615
 1950,                 624
 1955,                 627
 1960,                 630
 1965,                 622
 1970,                 626
 1975,                 632
 1980,                 625
 1985,                 630
 1990,                 633
 1995,                 633
 2000,                 638
 2005,                 640
 2010,                 640
 2015,                 643
 2020,                 645
 2025,                 647
 2030,                 648
 2035,                 657
 2040,                 655
 2045,                 652
 2050,                 656
 2055,                 656
 2060,                 656
 2065,                 660
 2070,                 658
 2075,                 660
 2080,                 667
 2085,                 663
 2090,                 667
 2095,                 670
 2100,                 678
 2105,                 675
 2110,                 677
 2115,                 678
 2120,                 686
 2125,                 682
 2130,                 680
 2135,                 687
 2140,                 699
 2145,                 694
 2150,                 690
 2155,                 691
 2160,                 695
 2165,                 700
 2170,                 705
 2175,                 705
 2180,                 718
 2185,                 708
 2190,                 704
 2195,                 710
 2200,                 717
 2205,                 714
 2210,                 718
 2215,                 724
 2220,                 720
 2225,                 718
 2230,                 715
 2235,                 724
 2240,                 728
 2245,                 725
 2250,                 734
 2255,                 731
 2260,                 736
 2265,                 734
 2270,                 742
 2275,                 744
 2280,                 739
 2285,                 740
 2290,                 747
 2295,                 745
 2300,                 753
 2305,                 750
 2310,                 753
 2315,                 757
 2320,                 775
 2325,                 762
 2330,                 763
 2335,                 765
 2340,                 765
 2345,                 769
 2350,                 771
 2355,                 770
 2360,                 776
 2365,                 773
 2370,                 773
 2375,                 782
 2380,                 782
 2385,                 777
 2390,                 785
 2395,                 790
 2400,                 787
 2405,                 793
 2410,                 794
 2415,                 791
 2420,                 787
 2425,                 795
 2430,                 802
 2435,                 801
 2440,                 803
 2445,                 804
 2450,                 819
 2455,                 808
 2460,                 806
 2465,                 814
 2470,                 810
 2475,                 815
 2480,                 817
 2485,                 821
 2490,                 818
 2495,                 828
 2500,                 824
 2505,                 819
 2510,                 827
 2515,                 832
 2520,                 831
 2525,                 833
 2530,                 834
 2535,                 834
 2540,                 838
 2545,                 843
 2550,                 841
 2555,                 837
 2560,                 846
 2565,                 841
 2570,                 847
 2575,                 846
 2580,                 854
 2585,                 856
 2590,                 857
 2595,                 857
 2600,                 854
 2605,                 858
 2610,                 870
 2615,                 862
 2620,                 875
 2625,                 873
 2630,                 870
 2635,                 877
 2640,                 880
 2645,                 874
 2650,                 883
 2655,                 890
 2660,                 881
 2665,                 886
 2670,                 888
 2675,                 890
 2680,                 894
 2685,                 897
 2690,                 910
 2695,                 899
 2700,                 906
 2705,                 903
 2710,                 904
 2715,                 910
 2720,                 908
 2725,                 904
 2730,                 911
 2735,                 914
 2740,                 912
 2745,                 922
 2750,                 921
 2755,                 917
 2760,                 922
 2765,                 923
 2770,                 931
 2775,                 936
 2780,                 931
 2785,                 935
 2790,                 938
 2795,                 937
 2800,                 949
 2805,                 940
 2810,                 945
 2815,                 935
 2820,                 943
 2825,                 952
 2830,                 949
 2835,                 952
 2840,                 956
 2845,                 958
 2850,                 958
 2855,                 958
 2860,                 964
 2865,                 962
 2870,                 968
 2875,                 977
 2880,                 975
 2885,                 970
 2890,                 980
 2895,                 974
 2900,                 969
 2905,                 977
 2910,                 974
 2915,                 980
 2920,                 987
 2925,                 981
 2930,                 998
 2935,                 989
 2940,                 990
 2945,                 995
 2950,                 989
 2955,                 998
 2960,                 997
 2965,                1001
 2970,                1001
 2975,                1003
 2980,                1009
 2985,                1005
 2990,                1012
 2995,                1002
 3000,                1019
 3005,                1007
 3010,                1031
 3015,                1019
 3020,                1014
 3025,                1021
 3030,                1024
 3035,                1023
 3040,                1029
 3045,                1031
 3050,                1031
 3055,                1033
 3060,                1032
 3065,                1035
 3070,                1039
 3075,                1039
 3080,                1046
 3085,                1041
 3090,                1043
 3095,                1044
 3100,                1045
 3105,                1056
 3110,                1069
 3115,                1058
 3120,                1064
 3125,                1065
 3130,                1066
 3135,                1067
 3140,                1064
 3145,                1066
 3150,                1068
 3155,                1085
 3160,                1073
 3165,                1077
 3170,                1083
 3175,                1074
 3180,                1082
 3185,                1088
 3190,                1084
 3195,                1091
 3200,                1090
 3205,                1109
 3210,                1099
 3215,                1095
 3220,                1102
 3225,                1102
 3230,                1107
 3235,                1111
 3240,                1109
 3245,                1103
 3250,                1118
 3255,                1119
 3260,                1122
 3265,                1122
 3270,                1128
 3275,                1122
 3280,                1130
 3285,                1128
 3290,                1128
 3295,                1126
 3300,                1134
 3305,                1139
 3310,                1133
 3315,                1150
 3320,                1131
 3325,                1143
 3330,                1142
 3335,                1143
 3340,                1152
 3345,                1158
 3350,                1148
 3355,                1150
 3360,                1156
 3365,                1158
 3370,                1157
 3375,                1155
 3380,                1162
 3385,                1165
 3390,                1159
 3395,                1167
 3400,                1165
 3405,                1159
 3410,                1175
 3415,                1173
 3420,                1176
 3425,                1180
 3430,                1174
 3435,                1185
 3440,                1179
 3445,                1180
 3450,                1191
 3455,                1190
 3460,                1194
 3465,                1189
 3470,                1196
 3475,                1205
 3480,                1206
 3485,                1197
 3490,                1206
 3495,                1203
 3500,                1203
 3505,                1208
 3510,                1214
 3515,                1215
 3520,                1259
 3525,                1387
 3530,                1228
 3535,                1227
 3540,                1226
 3545,                1225
 3550,                1232
 3555,                1235
 3560,                1236
 3565,                1234
 3570,                1237
 3575,                1232
 3580,                1236
 3585,                1246
 3590,                1244
 3595,                1243
 3600,                1246
 3605,                1256
 3610,                1252
 3615,                1255
 3620,                1243
 3625,                1264
 3630,                1255
 3635,                1261
 3640,                1271
 3645,                1265
 3650,                1268
 3655,                1261
 3660,                1270
 3665,                1269
 3670,                1267
 3675,                1282
 3680,                1281
 3685,                1272
 3690,                1283
 3695,                1281
 3700,                1283
 3705,                1296
 3710,                1295
 3715,                1294
 3720,                1301
 3725,                1296
 3730,                1294
 3735,                1285
 3740,                1302
 3745,                1306
 3750,                1315
 3755,                1303
 3760,                1308
 3765,                1322
 3770,                1307
 3775,                1317
 3780,                1315
 3785,                1325
 3790,                1317
 3795,                1329
 3800,                1335
 3805,                1333
 3810,                1329
 3815,                1333
 3820,                1322
 3825,                1338
 3830,                1329
 3835,                1333
 3840,                1341
 3845,                1340
 3850,                1343
 3855,                1346
 3860,                1342
 3865,                1342
 3870,                1356
 3875,                1351
 3880,                1351
 3885,                1352
 3890,                1358
 3895,                1361
 3900,                1364
 3905,                1358
 3910,                1368
 3915,                1363
 3920,                1373
 3925,                1370
 3930,                1375
 3935,                1381
 3940,                1370
 3945,                1385
 3950,                1386
 3955,                1391
 3960,                1385
 3965,                1381
 3970,                1383
 3975,                1384
 3980,                1390
 3985,                1385
 3990,                1404
 3995,                1395
 4000,                1400
 4005,                1400
 4010,                1401
 4015,                1407
 4020,                1401
 4025,                1414
 4030,                1405
 4035,                1417
 4040,                1415
 4045,                1418
 4050,                1408
 4055,                1415
 4060,                1419
 4065,                1417
 4070,                1424
 4075,                1435
 4080,                1424
 4085,                1431
 4090,                1432
 4095,                1447
 4100,                1442
 4105,                1444
 4110,                1441
 4115,                1446
 4120,                1447
 4125,                1459
 4130,                1451
 4135,                1446
 4140,                1456
 4145,                1462
 4150,                1444
 4155,                1460
 4160,                1457
 4165,                1464
 4170,                1471
 4175,                1468
 4180,                1463
 4185,                1474
 4190,                1478
 4195,                1472
 4200,                1486
 4205,                1485
 4210,                1478
 4215,                1484
 4220,                1490
 4225,                1490
 4230,                1492
 4235,                1499
 4240,                1500
 4245,                1502
 4250,                1503
 4255,                1507
 4260,                1511
 4265,                1504
 4270,                1509
 4275,                1511
 4280,                1515
 4285,                1511
 4290,                1524
 4295,                1519
 4300,                1522
 4305,                1518
 4310,                1644
 4315,                1545
 4320,                1527
 4325,                1535
 4330,                1534
 4335,                1540
 4340,                1536
 4345,                1535
 4350,                1534
 4355,                1543
 4360,                1536
 4365,                1549
 4370,                1543
 4375,                1545
 4380,                1574
 4385,                1555
 4390,                1564
 4395,                1567
 4400,                1562
 4405,                1568
 4410,                1561
 4415,                1575
 4420,                1578
 4425,                1575
 4430,                1585
 4435,                1570
 4440,                1578
 4445,                1591
 4450,                1596
 4455,                1588
 4460,                1588
 4465,                1587
 4470,                1594
 4475,                1596
 4480,                1595
 4485,                1591
 4490,                1587
 4495,                1598
 4500,                1600
 4505,                1608
 4510,                1610
 4515,                1595
 4520,                1586
 4525,                1562
 4530,                1587
 4535,                1565
 4540,                1560
 4545,                1571
 4550,                1513
 4555,                1531
 4560,                1517
 4565,                1541
 4570,                1518
 4575,                1526
 4580,                1517
 4585,                1528
 4590,                1564
 4595,                1525
 4600,                1576
 4605,                1524
 4610,                1534
 4615,                1541
 4620,                1546
 4625,                1544
 4630,                1545
 4635,                1549
 4640,                1539
 4645,                1553
 4650,                1575
 4655,                1597
 4660,                1560
 4665,                1581
 4670,                1554
 4675,                1571
 4680,                1561
 4685,                1572
 4690,                1560
 4695,                1562
 4700,                1589
 4705,                1568
 4710,                1578
 4715,                1583
 4720,                1583
 4725,                1581
 4730,                1589
 4735,                1581
 4740,                1588
 4745,                1590
 4750,                1596
 4755,                1596
 4760,                1598
 4765,                1603
 4770,                1601
 4775,                1601
 4780,                1609
 4785,                1591
 4790,                1604
 4795,                1632
 4800,                1603
 4805,                1615
 4810,                1610
 4815,                1620
 4820,                1618
 4825,                1650
 4830,                1640
 4835,                1629
 4840,                1685
 4845,                1641
 4850,                1668
 4855,                1634
 4860,                1632
 4865,                1642
 4870,                1636
 4875,                1642
 4880,                1638
 4885,                1630
 4890,                1647
 4895,                1678
 4900,                1646
 4905,                1674
 4910,                1643
 4915,                1660
 4920,                1653
 4925,                1659
 4930,                1703
 4935,                1691
 4940,                1804
 4945,                1696
 4950,                1658
 4955,                1661
 4960,                1672
 4965,                1680
 4970,                1680
 4975,                1665
 4980,                1676
 4985,                1680
 4990,                1683
 4995,                1681
 5000,                1688
 5005,                1721
 5010,                1677
 5015,                1689
 5020,                1710
 5025,                1700
 5030,                1700
 5035,                1694
 5040,                1693
 5045,                1706
 5050,                1688
 5055,                1751
 5060,                1698
 5065,                1746
 5070,                1709
 5075,                1713
 5080,                1708
 5085,                1709
 5090,                1721
 5095,                1711
 5100,                1722
 5105,                1718
 5110,                1719
 5115,                1713
 5120,                1742
 5125,                1724
 5130,                1731
 5135,                1727
 5140,                1736
 5145,                1756
 5150,                1758
 5155,                1729
 5160,                1752
 5165,                1741
 5170,                1753
 5175,                1757
 5180,                1746
 5185,                1758
 5190,                1759
 5195,                1766
 5200,                1753
 5205,                1749
 5210,                1827
 5215,                1771
 5220,                1772
 5225,                1766
 5230,                1778
 5235,                1777
 5240,                1814
 5245,                1783
 5250,                1769
 5255,                1779
 5260,                1786
 5265,                1807
 5270,                1803
 5275,                1790
 5280,                1828
 5285,                1798
 5290,                1796
 5295,                1821
 5300,                1803
 5305,                1789
 5310,                1809
 5315,                1809
 5320,                1800
 5325,                1818
 5330,                1816
 5335,                1810
 5340,                1810
 5345,                1821
 5350,                1824
 5355,                1826
 5360,                1820
 5365,                1813
 5370,                1874
 5375,                1827
 5380,                1824
 5385,                1847
 5390,                1822
 5395,                1846
 5400,                1880
 5405,                1847
 5410,                1841
 5415,                1851
 5420,                1851
 5425,                1840
 5430,                1853
 5435,                1891
 5440,                1856
 5445,                1855
 5450,                1865
 5455,                1857
 5460,                1867
 5465,                1864
 5470,                1874
 5475,                1895
 5480,                1865
 5485,                1881
 5490,                1880
 5495,                1879
 5500,                1879
 5505,                1883
 5510,                1876
 5515,                1902
 5520,                1890
 5525,                1890
 5530,                1883
 5535,                1891
 5540,                1896
 5545,                1893
 5550,                1940
 5555,                1948
 5560,                1893
 5565,                1930
 5570,                1925
 5575,                1911
 5580,                1904
 5585,                1909
 5590,                1913
 5595,                1899
 5600,                1937
 5605,                1929
 5610,                1935
 5615,                1930
 5620,                1917
 5625,                1916
 5630,                1935
 5635,                1938
 5640,                1935
 5645,                1982
 5650,                1957
 5655,                1937
 5660,                1948
 5665,                1988
 5670,                1938
 5675,                1978
 5680,                1969
 5685,                1949
 5690,                2074
 5695,                2087
 5700,                2032
 5705,                1953
 5710,                1962
 5715,                1986
 5720,                1971
 5725,                1970
 5730,                1966
 5735,                2004
 5740,                1967
 5745,                1966
 5750,                1970
 5755,                1973
 5760,                1977
 5765,                2023
 5770,                1992
 5775,                1999
 5780,                1992
 5785,                1999
 5790,                1999
 5795,                1995
 5800,                1983
 5805,                2001
 5810,                1989
 5815,                2013
 5820,                2125
 5825,                2001
 5830,                2084
 5835,                2033
 5840,                1997
 5845,                2012
 5850,                2012
 5855,                2037
 5860,                2020
 5865,                2066
 5870,                2026
 5875,                2037
 5880,                2028
 5885,                2066
 5890,                2014
 5895,                2039
 5900,                2031
 5905,                2032
 5910,                2096
 5915,                2046
 5920,                2054
 5925,                2068
 5930,                2066
 5935,                2040
 5940,                2034
 5945,                2057
 5950,                2082
 5955,                2052
 5960,                2087
 5965,                2123
 5970,                2078
 5975,                2069
 5980,                2063
 5985,                2097
 5990,                2072
 5995,                2068
 6000,                2087
 6005,                2069
 6010,                2094
 6015,                2102
 6020,                2059
 6025,                2117
 6030,                2091
 6035,                2083
 6040,                2080
 6045,                2076
 6050,                2120
 6055,                2237
 6060,                2146
 6065,                2120
 6070,                2103
 6075,                2102
 6080,                2142
 6085,                2124
 6090,                2105
 6095,                2101
 6100,                2128
 6105,                2111
 6110,                2114
 6115,                2109
 6120,                2116
 6125,                2118
 6130,                2109
 6135,                2120
 6140,                2120
 6145,                2142
 6150,                2165
 6155,                2124
 6160,                2131
 6165,                2120
 6170,                2158
 6175,                2149
 6180,                2176
 6185,                2151
 6190,                2137
 6195,                2145
 6200,                2150
 6205,                2169
 6210,                2209
 6215,                2213
 6220,                2148
 6225,                2187
 6230,                2176
 6235,                2332
 6240,                2210
 6245,                2170
 6250,                2243
 6255,                2216
 6260,                2208
 6265,                2170
 6270,                2176
 6275,                2210
 6280,                2192
 6285,                2212
 6290,                2189
 6295,                2186
 6300,                2199
 6305,                2193
 6310,                2231
 6315,                2206
 6320,                2207
 6325,                2209
 6330,                2199
 6335,                2245
 6340,                2237
 6345,                2207
 6350,                2227
 6355,                2212
 6360,                2229
 6365,                2215
 6370,                2240
 6375,                2211
 6380,                2229
 6385,                2217
 6390,                2216
 6395,                2230
 6400,                2247
 6405,                2230
 6410,                2288
 6415,                2242
 6420,                2248
 6425,                2250
 6430,                2245
 6435,                2244
 6440,                2235
 6445,                2241
 6450,                2250
 6455,                2271
 6460,                2248
 6465,                2263
 6470,                2261
 6475,                2268
 6480,                2261
 6485,                2268
 6490,                2298
 6495,                2266
 6500,                2274
 6505,                2332
 6510,                2299
 6515,                2267
 6520,                2269
 6525,                2286
 6530,                2306
 6535,                2285
 6540,                2284
 6545,                2278
 6550,                2290
 6555,                2299
 6560,                2307
 6565,                2288
 6570,                2294
 6575,                2293
 6580,                2303
 6585,                2335
 6590,                2309
 6595,                2302
 6600,                2306
 6605,                2322
 6610,                2331
 6615,                2323
 6620,                2331
 6625,                2324
 6630,                2335
 6635,                2326
 6640,                2315
 6645,                2323
 6650,                2366
 6655,                2359
 6660,                2361
 6665,                2343
 6670,                2329
 6675,                2350
 6680,                2349
 6685,                2356
 6690,                2350
 6695,                2345
 6700,                2349
 6705,                2379
 6710,                2371
 6715,                2365
 6720,                2355
 6725,                2358
 6730,                2366
 6735,                2364
 6740,                2356
 6745,                2399
 6750,                2386
 6755,                2405
 6760,                2399
 6765,                2372
 6770,                2452
 6775,                2375
 6780,                2404
 6785,                2402
 6790,                2426
 6795,                2381
 6800,                2391
 6805,                2426
 6810,                2387
 6815,                2392
 6820,                2395
 6825,                2406
 6830,                2387
 6835,                2430
 6840,                2396
 6845,                2417
 6850,                2401
 6855,                2418
 6860,                2419
 6865,                2449
 6870,                2427
 6875,                2417
 6880,                2419
 6885,                2428
 6890,                2434
 6895,                2436
 6900,                2432
 6905,                2455
 6910,                2426
 6915,                2442
 6920,                2435
 6925,                2478
 6930,                2461
 6935,                2463
 6940,                2457
 6945,                2485
 6950,                2489
 6955,                2476
 6960,                2459
 6965,                2456
 6970,                2497
 6975,                2473
 6980,                2596
 6985,                2560
 6990,                2652
 6995,                2500
 7000,                2477
 7005,                2464
 7010,                2469
 7015,                2460
 7020,                2470
 7025,                2495
 7030,                2490
 7035,                2479
 7040,                2520
 7045,                2668
 7050,                2668
 7055,                2666
 7060,                2632
 7065,                2620
 7070,                2614
 7075,                2602
 7080,                2591
 7085,                2592
 7090,                2605
 7095,                2616
 7100,                2584
 7105,                2619
 7110,                2494
 7115,                2511
 7120,                2535
 7125,                2579
 7130,                2603
 7135,                2593
 7140,                2528
 7145,                2540
 7150,                2537
 7155,                2524
 7160,                2529
 7165,                2532
 7170,                2526
 7175,                2567
 7180,                2530
 7185,                2524
 7190,                2555
 7195,                2549
 7200,                2558
 7205,                2646
 7210,                2543
 7215,                2538
 7220,                2557
 7225,                2553
 7230,                2573
 7235,                2565
 7240,                2698
 7245,                2602
 7250,                2617
 7255,                2588
 7260,                2593
 7265,                2586
 7270,                2570
 7275,                2580
 7280,                2570
 7285,                2620
 7290,                2592
 7295,                2591
 7300,                2602
 7305,                2590
 7310,                2583
 7315,                2602
 7320,                2619
 7325,                2612
 7330,                2619
 7335,                2593
 7340,                2611
 7345,                2591
 7350,                2626
 7355,                2628
 7360,                2631
 7365,                2626
 7370,                2625
 7375,                2626
 7380,                2623
 7385,                2603
 7390,                2626
 7395,                2620
 7400,                2617
 7405,                2651
 7410,                2627
 7415,                2621
 7420,                2634
 7425,                2638
 7430,                2676
 7435,                2670
 7440,                2641
 7445,                2652
 7450,                2670
 7455,                2657
 7460,                2645
 7465,                2658
 7470,                2641
 7475,                2658
 7480,                2652
 7485,                2654
 7490,                2664
 7495,                2652
 7500,                2701
 7505,                2682
 7510,                2659
 7515,                2671
 7520,                2691
 7525,                2690
 7530,                2697
 7535,                2667
 7540,                2684
 7545,                2690
 7550,                2717
 7555,                2709
 7560,                2698
 7565,                2690
 7570,                2701
 7575,                2695
 7580,                2699
 7585,                2773
 7590,                2753
 7595,                2700
 7600,                2698
 7605,                2716
 7610,                2716
 7615,                2705
 7620,                2777
 7625,                2716
 7630,                2720
 7635,                2724
 7640,                2724
 7645,                2722
 7650,                2733
 7655,                2725
 7660,                2766
 7665,                2848
 7670,                2759
 7675,                2752
 7680,                2762
 7685,                2812
 7690,                2764
 7695,                2789
 7700,                2764
 7705,                2751
 7710,                2755
 7715,                2767
 7720,                2828
 7725,                2875
 7730,                2782
 7735,                2752
 7740,                2767
 7745,                2782
 7750,                2785
 7755,                2770
 7760,                2773
 7765,                2775
 7770,                2764
 7775,                2776
 7780,                2776
 7785,                2900
 7790,                2811
 7795,                2781
 7800,                2824
 7805,                2816
 7810,                2777
 7815,                2811
 7820,                2781
 7825,                2800
 7830,                2841
 7835,                2798
 7840,                2795
 7845,                2799
 7850,                2813
 7855,                2788
 7860,                2828
 7865,                2801
 7870,                2791
 7875,                2821
 7880,                2815
 7885,                2824
 7890,                2817
 7895,                2821
 7900,                2836
 7905,                2823
 7910,                2840
 7915,                2848
 7920,                2831
 7925,                2827
 7930,                2818
 7935,                2868
 7940,                2843
 7945,                2856
 7950,                2853
 7955,                2865
 7960,                2851
 7965,                2830
 7970,                2836
 7975,                2858
 7980,                2878
 7985,                2866
 7990,                2901
 7995,                2858
 8000,                2883
 8005,                2862
 8010,                2863
 8015,                2888
 8020,                2873
 8025,                2870
 8030,                2869
 8035,                2880
 8040,                2877
 8045,                2894
 8050,                2886
 8055,                2881
 8060,                2886
 8065,                2900
 8070,                2892
 8075,                2931
 8080,                2893
 8085,                2933
 8090,                2888
 8095,                2879
 8100,                2926
 8105,                2942
 8110,                2919
 8115,                2928
 8120,                2918
 8125,                2893
 8130,                2954
 8135,                2925
 8140,                2930
 8145,                2898
 8150,                2918
 8155,                2924
 8160,                2941
 8165,                2921
 8170,                2924
 8175,                2960
 8180,                2975
 8185,                2921
 8190,                2926
 8195,                2939
 8200,                2941
 8205,                2935
 8210,                2963
 8215,                2941
 8220,                2940
 8225,                2948
 8230,                2978
 8235,                2970
 8240,                2943
 8245,                2956
 8250,                2989
 8255,                2947
 8260,                2966
 8265,                3057
 8270,                3032
 8275,                2988
 8280,                3001
 8285,                3032
 8290,                2978
 8295,                2986
 8300,                2989
 8305,                2987
 8310,                3011
 8315,                2990
 8320,                2996
 8325,                2998
 8330,                3241
 8335,                3083
 8340,                3012
 8345,                3019
 8350,                2997
 8355,                3017
 8360,                3007
 8365,                3007
 8370,                3008
 8375,                3055
 8380,                2995
 8385,                3071
 8390,                3025
 8395,                3015
 8400,                3025
 8405,                3059
 8410,                3035
 8415,                3068
 8420,                3035
 8425,                3039
 8430,                3046
 8435,                3046
 8440,                3031
 8445,                3054
 8450,                3045
 8455,                3046
 8460,                3085
 8465,                3082
 8470,                3073
 8475,                3056
 8480,                3065
 8485,                3091
 8490,                3086
 8495,                3067
 8500,                3078
 8505,                3076
 8510,                3254
 8515,                3148
 8520,                3066
 8525,                3103
 8530,                3086
 8535,                3062
 8540,                3082
 8545,                3088
 8550,                3077
 8555,                3088
 8560,                3087
 8565,                3123
 8570,                3170
 8575,                3110
 8580,                3119
 8585,                3091
 8590,                3133
 8595,                3134
 8600,                3132
 8605,                3122
 8610,                3147
 8615,                3122
 8620,                3145
 8625,                3109
 8630,                3142
 8635,                3127
 8640,                3129
 8645,                3126
 8650,                3168
 8655,                3136
 8660,                3146
 8665,                3154
 8670,                3223
 8675,                3183
 8680,                3149
 8685,                3165
 8690,                3165
 8695,                3152
 8700,                3145
 8705,                3162
 8710,                3176
 8715,                3175
 8720,                3159
 8725,                3152
 8730,                3199
 8735,                3175
 8740,                3198
 8745,                3210
 8750,                3181
 8755,                3206
 8760,                3172
 8765,                3184
 8770,                3186
 8775,                3183
 8780,                3192
 8785,                3171
 8790,                3196
 8795,                3185
 8800,                3226
 8805,                3218
 8810,                3205
 8815,                3220
 8820,                3204
 8825,                3209
 8830,                3207
 8835,                3238
 8840,                3214
 8845,                3233
 8850,                3240
 8855,                3350
 8860,                3260
 8865,                3223
 8870,                3225
 8875,                3240
 8880,                3239
 8885,                3233
 8890,                3256
 8895,                3233
 8900,                3251
 8905,                3244
 8910,                3238
 8915,                3282
 8920,                3249
 8925,                3289
 8930,                3258
 8935,                3242
 8940,                3265
 8945,                3301
 8950,                3268
 8955,                3265
 8960,                3245
 8965,                3288
 8970,                3246
 8975,                3263
 8980,                3273
 8985,                3464
 8990,                3294
 8995,                3290
 9000,                3319
 9005,                3282
 9010,                3265
 9015,                3286
 9020,                3278
 9025,                3298
 9030,                3304
 9035,                3305
 9040,                3299
 9045,                3308
 9050,                3311
 9055,                3294
 9060,                3316
 9065,                3306
 9070,                3313
 9075,                3313
 9080,                3311
 9085,                3311
 9090,                3337
 9095,                3323
 9100,                3428
 9105,                3325
 9110,                3372
 9115,                3350
 9120,                3358
 9125,                3336
 9130,                3366
 9135,                3393
 9140,                3354
 9145,                3410
 9150,                3391
 9155,                3369
 9160,                3355
 9165,                3361
 9170,                3380
 9175,                3508
 9180,                3488
 9185,                3365
 9190,                3371
 9195,                3359
 9200,                3363
 9205,                3381
 9210,                3372
 9215,                3363
 9220,                3362
 9225,                3394
 9230,                3360
 9235,                3382
 9240,                3408
 9245,                3379
 9250,                3377
 9255,                3411
 9260,                3360
 9265,                3389
 9270,                3355
 9275,                3394
 9280,                3406
 9285,                3390
 9290,                3420
 9295,                3441
 9300,                3387
 9305,                3392
 9310,                3408
 9315,                3414
 9320,                3421
 9325,                3427
 9330,                3436
 9335,                3399
 9340,                3420
 9345,                3409
 9350,                3418
 9355,                3468
 9360,                3453
 9365,                3426
 9370,                3462
 9375,                3463
 9380,                3423
 9385,                3433
 9390,                3485
 9395,                3423
 9400,                3461
 9405,                3419
 9410,                3450
 9415,                3456
 9420,                3434
 9425,                3431
 9430,                3469
 9435,                3497
 9440,                3457
 9445,                3459
 9450,                3448
 9455,                3457
 9460,                3465
 9465,                3464
 9470,                3482
 9475,                3475
 9480,                3488
 9485,                3464
 9490,                3522
 9495,                3491
 9500,                3491
 9505,                3459
 9510,                3480
 9515,                3521
 9520,                3530
 9525,                3487
 9530,                4406
 9535,                3511
 9540,                3491
 9545,                3513
 9550,                3525
 9555,                3544
 9560,                3597
 9565,                3544
 9570,                3520
 9575,                3518
 9580,                3502
 9585,                3523
 9590,                3521
 9595,                3542
 9600,                3515
 9605,                3525
 9610,                3533
 9615,                3532
 9620,                3531
 9625,                3544
 9630,                3556
 9635,                3530
 9640,                3552
 9645,                3572
 9650,                3568
 9655,                3571
 9660,                3615
 9665,                3552
 9670,                3562
 9675,                3594
 9680,                3558
 9685,                3605
 9690,                3556
 9695,                3585
 9700,                3583
 9705,                3563
 9710,                3580
 9715,                3600
 9720,                3562
 9725,                3611
 9730,                3600
 9735,                3576
 9740,                3611
 9745,                3625
 9750,                3601
 9755,                3622
 9760,                3586
 9765,                3596
 9770,                3594
 9775,                3615
 9780,                3652
 9785,                3704
 9790,                3656
 9795,                3603
 9800,                3610
 9805,                3655
 9810,                3606
 9815,                3616
 9820,                3670
 9825,                3594
 9830,                3598
 9835,                3606
 9840,                3653
 9845,                3643
 9850,                3646
 9855,                3670
 9860,                3626
 9865,                3646
 9870,                3688
 9875,                3658
 9880,                3665
 9885,                3687
 9890,                3695
 9895,                3720
 9900,                3637
 9905,                3668
 9910,                3719
 9915,                3658
 9920,                3701
 9925,                3643
 9930,                3667
 9935,                3677
 9940,                3724
 9945,                3682
 9950,                3722
 9955,                3672
 9960,                3661
 9965,                3662
 9970,                3674
 9975,                3682
 9980,                3731
 9985,                3712
 9990,                3688
 9995,                3682
