    5         2
   10         2
   15         1
   20         3
   25         3
   30         4
   35         5
   40         6
   45         7
   50         8
   55         7
   60         9
   65         9
   70        11
   75        12
   80        14
   85        16
   90        17
   95        19
  100        20
  105        22
  110        25
  115        27
  120        28
  125        31
  130        33
  135        37
  140        39
  145        41
  150        44
  155        47
  160        51
  165        53
  170        56
  175        59
  180        62
  185        66
  190        69
  195        72
  200        75
