    5                   4
   10                   4
   15                   5
   20                   8
   25                   9
   30                  10
   35                  12
   40                  14
   45                  42
   50                  17
   55                  22
   60                  20
   65                  26
   70                  32
   75                  28
   80                  34
   85                  31
   90                  31
   95                  34
  100                  40
  105                  46
  110                  39
  115                  49
  120                  49
  125                  54
  130                 272
  135                  56
  140                  63
  145                  65
  150                  60
  155                  67
  160                  75
  165                  60
  170                  57
  175                  75
  180                  83
  185                  85
  190                  81
  195                  73
  200                  83
  205                  96
  210                  89
  215                  86
  220                  91
  225                 102
  230                 107
  235                 119
  240                 110
  245                  89
  250                 115
  255                 124
  260                  94
  265                 114
  270                 105
  275                 116
  280                 120
  285                 110
  290                 110
  295                 133
  300                 156
  305                 131
  310                 151
  315                 145
  320                 164
  325                 161
  330                 147
  335                 152
  340                 153
  345                 173
  350                 164
  355                 189
  360                 153
  365                 147
  370                 168
  375                 202
  380                 184
  385                 186
  390                 207
  395                 192
  400                 171
  405                 215
  410                 196
  415                 211
  420                 190
  425                 205
  430                 200
  435                 190
  440                 194
  445                 204
  450                 230
  455                 223
  460                 144
  465                 161
  470                 178
  475                 154
  480                 131
  485                 181
  490                 164
  495                 133
  500                 160
  505                 170
  510                 186
  515                 171
  520                 170
  525                 222
  530                 161
  535                 176
  540                 196
  545                 151
  550                 195
  555                 180
  560                 184
  565                 149
  570                 229
  575                 200
  580                 162
  585                 214
  590                 171
  595                 197
  600                 197
  605                 196
  610                 194
  615                 222
  620                 209
  625                 197
  630                 228
  635                 190
  640                 185
  645                 260
  650                 208
  655                 239
  660                 262
  665                 226
  670                 225
  675                 245
  680                 202
  685                 221
  690                 240
  695                 215
  700                 228
  705                 246
  710                 212
  715                 222
  720                 242
  725                 249
  730                 236
  735                 224
  740                 230
  745                 262
  750                 302
  755                 276
  760                 256
  765                 295
  770                 249
  775                 275
  780                 260
  785                 273
  790                 235
  795                 217
  800                 225
  805                 245
  810                 272
  815                 253
  820                 240
  825                 231
  830                 325
  835                 246
  840                 289
  845                 265
  850                 227
  855                 340
  860                 239
  865                 296
  870                 308
  875                 299
  880                 350
  885                 339
  890                 326
  895                 325
  900                 306
  905                 311
  910                 354
  915                 274
  920                 291
  925                 338
  930                 293
  935                 354
  940                 266
  945                 348
  950                 372
  955                 283
  960                 326
  965                 314
  970                 358
  975                 262
  980                 282
  985                 333
  990                 318
  995                 322
 1000                 328
 1005                 344
 1010                 358
 1015                 337
 1020                 321
 1025                 295
 1030                 379
 1035                 318
 1040                 296
 1045                 298
 1050                 344
 1055                 392
 1060                 346
 1065                 377
 1070                 383
 1075                 338
 1080                 333
 1085                 371
 1090                 361
 1095                 319
 1100                 378
 1105                 353
 1110                 331
 1115                 382
 1120                 353
 1125                 340
 1130                 354
 1135                 384
 1140                 405
 1145                 394
 1150                 382
 1155                 328
 1160                 421
 1165                 317
 1170                 352
 1175                 406
 1180                 408
 1185                 389
 1190                 397
 1195                 410
 1200                 397
 1205                 328
 1210                 499
 1215                 401
 1220                 424
 1225                 369
 1230                 405
 1235                 423
 1240                 409
 1245                 373
 1250                 456
 1255                 452
 1260                 413
 1265                 440
 1270                 416
 1275                 452
 1280                 414
 1285                 444
 1290                 377
 1295                 479
 1300                 472
 1305                 396
 1310                 421
 1315                 423
 1320                 453
 1325                 418
 1330                 427
 1335                 472
 1340                 424
 1345                 463
 1350                 442
 1355                 470
 1360                 411
 1365                 434
 1370                 399
 1375                 456
 1380                 379
 1385                 408
 1390                 500
 1395                 439
 1400                 425
 1405                 424
 1410                 452
 1415                 493
 1420                 372
 1425                 451
 1430                 453
 1435                 434
 1440                 533
 1445                 537
 1450                 480
 1455                 399
 1460                 558
 1465                 440
 1470                 510
 1475                 459
 1480                 474
 1485                 401
 1490                 518
 1495                 534
 1500                 516
 1505                 391
 1510                 419
 1515                 495
 1520                 415
 1525                 508
 1530                 465
 1535                 648
 1540                 500
 1545                 552
 1550                 468
 1555                 410
 1560                 539
 1565                 531
 1570                 485
 1575                 544
 1580                 534
 1585                 530
 1590                 459
 1595                 511
 1600                 607
 1605                 527
 1610                 535
 1615                 469
 1620                 541
 1625                 594
 1630                 517
 1635                 529
 1640                 577
 1645                 512
 1650                 571
 1655                 510
 1660                 510
 1665                 531
 1670                 521
 1675                 463
 1680                 519
 1685                 568
 1690                 563
 1695                 587
 1700                 544
 1705                 523
 1710                 529
 1715                 585
 1720                 581
 1725                 571
 1730                 564
 1735                 617
 1740                 608
 1745                 507
 1750                 660
 1755                 572
 1760                 569
 1765                 541
 1770                 592
 1775                 591
 1780                 677
 1785                 551
 1790                 556
 1795                 582
 1800                 499
 1805                 639
 1810                 637
 1815                 564
 1820                 582
 1825                 568
 1830                 562
 1835                 551
 1840                 623
 1845                 549
 1850                 616
 1855                 610
 1860                 570
 1865                 573
 1870                 605
 1875                 610
 1880                 548
 1885                 580
 1890                 606
 1895                 589
 1900                 719
 1905                 589
 1910                 638
 1915                 685
 1920                 536
 1925                 605
 1930                 608
 1935                 631
 1940                 569
 1945                 599
 1950                 570
 1955                 633
 1960                 630
 1965                 688
 1970                 670
 1975                 592
 1980                 640
 1985                 556
 1990                 532
 1995                 654
 2000                 656
 2005                 561
 2010                 656
 2015                 589
 2020                 590
 2025                 652
 2030                 627
 2035                 603
 2040                 628
 2045                 665
 2050                 610
 2055                 722
 2060                 702
 2065                 593
 2070                 609
 2075                 586
 2080                 586
 2085                 780
 2090                 710
 2095                 683
 2100                 725
 2105                 565
 2110                 677
 2115                 748
 2120                 716
 2125                 716
 2130                 626
 2135                 634
 2140                 763
 2145                 730
 2150                 830
 2155                 732
 2160                 753
 2165                 646
 2170                 617
 2175                 765
 2180                 739
 2185                 679
 2190                 643
 2195                 746
 2200                 653
 2205                 744
 2210                 685
 2215                 747
 2220                 720
 2225                 796
 2230                 724
 2235                 660
 2240                 872
 2245                 724
 2250                 862
 2255                 600
 2260                 866
 2265                 682
 2270                 674
 2275                 672
 2280                 751
 2285                 750
 2290                 714
 2295                 807
 2300                 681
 2305                 678
 2310                 658
 2315                 788
 2320                 784
 2325                 691
 2330                 774
 2335                 759
 2340                 671
 2345                 769
 2350                 797
 2355                 699
 2360                 744
 2365                 837
 2370                 801
 2375                 785
 2380                 743
 2385                 813
 2390                 861
 2395                 844
 2400                 742
 2405                 684
 2410                 653
 2415                 762
 2420                 763
 2425                 829
 2430                 869
 2435                 769
 2440                 728
 2445                 706
 2450                 765
 2455                 659
 2460                 697
 2465                 694
 2470                 843
 2475                 697
 2480                 844
 2485                 702
 2490                 855
 2495                 812
 2500                 725
 2505                 825
 2510                 712
 2515                 857
 2520                 745
 2525                 787
 2530                 718
 2535                 829
 2540                 751
 2545                 834
 2550                 733
 2555                 757
 2560                 799
 2565                 801
 2570                 725
 2575                 839
 2580                 876
 2585                 738
 2590                 732
 2595                 808
 2600                 826
 2605                 855
 2610                 818
 2615                 861
 2620                 706
 2625                 817
 2630                 829
 2635                 785
 2640                 755
 2645                 999
 2650                 942
 2655                 803
 2660                 758
 2665                 793
 2670                 837
 2675                 916
 2680                 881
 2685                 928
 2690                 842
 2695                1033
 2700                 727
 2705                 927
 2710                1010
 2715                 851
 2720                 810
 2725                 900
 2730                 897
 2735                 858
 2740                 749
 2745                 941
 2750                1022
 2755                 863
 2760                 906
 2765                 883
 2770                 908
 2775                 874
 2780                 871
 2785                 879
 2790                 924
 2795                 996
 2800                 795
 2805                 775
 2810                 883
 2815                 885
 2820                 923
 2825                 961
 2830                 896
 2835                1018
 2840                 926
 2845                 937
 2850                 898
 2855                 902
 2860                1028
 2865                 898
 2870                 949
 2875                 859
 2880                 869
 2885                 832
 2890                 905
 2895                 914
 2900                 908
 2905                 825
 2910                 834
 2915                 910
 2920                 928
 2925                 880
 2930                 955
 2935                 922
 2940                1093
 2945                1012
 2950                1047
 2955                1139
 2960                 939
 2965                1019
 2970                 938
 2975                 854
 2980                 806
 2985                 991
 2990                 941
 2995                 866
 3000                 984
 3005                1032
 3010                 818
 3015                1037
 3020                1043
 3025                1091
 3030                1137
 3035                 997
 3040                 912
 3045                 956
 3050                 911
 3055                1008
 3060                1050
 3065                1060
 3070                 875
 3075                 885
 3080                 934
 3085                1065
 3090                1068
 3095                 933
 3100                1024
 3105                 977
 3110                1027
 3115                 951
 3120                1039
 3125                 984
 3130                1020
 3135                 988
 3140                1040
 3145                 901
 3150                1008
 3155                 906
 3160                1045
 3165                1002
 3170                1089
 3175                1099
 3180                1052
 3185                1061
 3190                1007
 3195                1061
 3200                 930
 3205                1005
 3210                1023
 3215                1015
 3220                1063
 3225                 972
 3230                1030
 3235                 940
 3240                 976
 3245                 989
 3250                 888
 3255                1045
 3260                1035
 3265                1042
 3270                 948
 3275                1050
 3280                 940
 3285                1135
 3290                1085
 3295                 949
 3300                 964
 3305                1135
 3310                1114
 3315                 909
 3320                1103
 3325                1005
 3330                1106
 3335                 861
 3340                1069
 3345                1027
 3350                1009
 3355                1022
 3360                1022
 3365                 926
 3370                1021
 3375                1122
 3380                1281
 3385                1126
 3390                1230
 3395                 986
 3400                1037
 3405                1079
 3410                1050
 3415                1034
 3420                1103
 3425                1047
 3430                1096
 3435                 994
 3440                1002
 3445                1194
 3450                1046
 3455                1194
 3460                1049
 3465                 965
 3470                 953
 3475                 966
 3480                1162
 3485                1068
 3490                1010
 3495                1163
 3500                1072
 3505                1015
 3510                1075
 3515                1070
 3520                1074
 3525                1272
 3530                1180
 3535                1017
 3540                1096
 3545                1077
 3550                1315
 3555                1129
 3560                1090
 3565                1089
 3570                1203
 3575                1137
 3580                1141
 3585                1198
 3590                1208
 3595                1152
 3600                1263
 3605                1051
 3610                1153
 3615                 998
 3620                1212
 3625                1104
 3630                1103
 3635                1056
 3640                1058
 3645                1227
 3650                1369
 3655                1269
 3660                1007
 3665                1167
 3670                1012
 3675                1285
 3680                1176
 3685                1070
 3690                1281
 3695                1177
 3700                1082
 3705                1183
 3710                1240
 3715                1233
 3720                1190
 3725                1028
 3730                1295
 3735                1300
 3740                1365
 3745                1141
 3750                1157
 3755                1251
 3760                1262
 3765                1155
 3770                1102
 3775                1218
 3780                1274
 3785                1044
 3790                1153
 3795                1046
 3800                1158
 3805                1324
 3810                1228
 3815                1341
 3820                1117
 3825                1121
 3830                1061
 3835                1227
 3840                1127
 3845                1223
 3850                1408
 3855                1282
 3860                1297
 3865                1233
 3870                1197
 3875                1184
 3880                1128
 3885                1183
 3890                1240
 3895                1253
 3900                1249
 3905                1410
 3910                1189
 3915                1322
 3920                1361
 3925                1373
 3930                1129
 3935                1262
 3940                1201
 3945                1207
 3950                1259
 3955                1265
 3960                1204
 3965                1267
 3970                1207
 3975                1274
 3980                1386
 3985                1274
 3990                1339
 3995                1330
 4000                1282
 4005                1106
 4010                1285
 4015                1048
 4020                1177
 4025                1333
 4030                1345
 4035                1298
 4040                1111
 4045                1590
 4050                1350
 4055                1250
 4060                1296
 4065                1312
 4070                1349
 4075                1138
 4080                1134
 4085                1301
 4090                1248
 4095                1198
 4100                1254
 4105                1202
 4110                1430
 4115                1311
 4120                1329
 4125                1317
 4130                1320
 4135                1262
 4140                1139
 4145                1265
 4150                1392
 4155                1221
 4160                1213
 4165                1409
 4170                1337
 4175                1276
 4180                1400
 4185                1097
 4190                1353
 4195                1282
 4200                1114
 4205                1221
 4210                1115
 4215                1231
 4220                1242
 4225                1409
 4230                1363
 4235                1417
 4240                1259
 4245                1306
 4250                1243
 4255                1190
 4260                1304
 4265                1373
 4270                1306
 4275                1552
 4280                1323
 4285                1123
 4290                1318
 4295                1193
 4300                1392
 4305                1312
 4310                1323
 4315                1332
 4320                1325
 4325                1522
 4330                1326
 4335                1206
 4340                1206
 4345                1274
 4350                1535
 4355                1330
 4360                1288
 4365                1530
 4370                1335
 4375                1476
 4380                1215
 4385                1293
 4390                1288
 4395                1618
 4400                1353
 4405                1356
 4410                1429
 4415                1427
 4420                1238
 4425                1433
 4430                1298
 4435                1438
 4440                1365
 4445                1366
 4450                1564
 4455                1313
 4460                1445
 4465                1250
 4470                1377
 4475                1310
 4480                1378
 4485                1527
 4490                1398
 4495                1392
 4500                1450
 4505                1450
 4510                1281
 4515                1393
 4520                1266
 4525                1592
 4530                1271
 4535                1328
 4540                1463
 4545                1598
 4550                1400
 4555                1340
 4560                1285
 4565                1406
 4570                1481
 4575                1203
 4580                1277
 4585                1561
 4590                1484
 4595                1364
 4600                1283
 4605                1419
 4610                1504
 4615                1509
 4620                1492
 4625                1361
 4630                1507
 4635                1237
 4640                1499
 4645                1380
 4650                1441
 4655                1574
 4660                1583
 4665                1373
 4670                1442
 4675                1450
 4680                1438
 4685                1449
 4690                1597
 4695                1451
 4700                1527
 4705                1616
 4710                1527
 4715                1535
 4720                1458
 4725                1391
 4730                1417
 4735                1467
 4740                1668
 4745                1338
 4750                1329
 4755                1421
 4760                1610
 4765                1411
 4770                1563
 4775                1472
 4780                1637
 4785                1497
 4790                1480
 4795                1552
 4800                1359
 4805                1342
 4810                1486
 4815                1563
 4820                1483
 4825                1368
 4830                1496
 4835                1489
 4840                1635
 4845                1428
 4850                1495
 4855                1588
 4860                1714
 4865                1442
 4870                1513
 4875                1583
 4880                1289
 4885                1513
 4890                1655
 4895                1446
 4900                1601
 4905                1658
 4910                1519
 4915                1461
 4920                1595
 4925                1302
 4930                1667
 4935                1455
 4940                1753
 4945                1535
 4950                1454
 4955                1620
 4960                1474
 4965                1606
 4970                1541
 4975                1471
 4980                1615
 4985                1557
 4990                1549
 4995                1626
 5000                1484
 5005                1631
 5010                1407
 5015                1564
 5020                1403
 5025                1490
 5030                1651
 5035                1410
 5040                1635
 5045                1417
 5050                1492
 5055                1634
 5060                1424
 5065                1637
 5070                1491
 5075                1513
 5080                1568
 5085                1493
 5090                1433
 5095                1655
 5100                1499
 5105                1438
 5110                1803
 5115                1505
 5120                1457
 5125                1587
 5130                1513
 5135                1532
 5140                1688
 5145                1740
 5150                1442
 5155                1597
 5160                1457
 5165                1519
 5170                1530
 5175                1823
 5180                1528
 5185                1547
 5190                1753
 5195                1531
 5200                1686
 5205                1616
 5210                1692
 5215                1465
 5220                1550
 5225                1538
 5230                1936
 5235                1640
 5240                1474
 5245                1552
 5250                1571
 5255                1706
 5260                1702
 5265                1794
 5270                1493
 5275                1715
 5280                1564
 5285                1647
 5290                1566
 5295                1722
 5300                1653
 5305                1491
 5310                1726
 5315                1748
 5320                1808
 5325                1583
 5330                1656
 5335                1749
 5340                1664
 5345                1588
 5350                1744
 5355                1751
 5360                1741
 5365                1667
 5370                1764
 5375                1527
 5380                1672
 5385                1435
 5390                1679
 5395                1761
 5400                1680
 5405                1838
 5410                1767
 5415                1768
 5420                1529
 5425                1694
 5430                1856
 5435                1533
 5440                1780
 5445                1709
 5450                1939
 5455                2089
 5460                1699
 5465                1723
 5470                1789
 5475                1715
 5480                1795
 5485                1809
 5490                1634
 5495                1793
 5500                1794
 5505                1642
 5510                1728
 5515                1723
 5520                1731
 5525                1574
 5530                1719
 5535                1886
 5540                1737
 5545                1576
 5550                1809
 5555                1644
 5560                1912
 5565                1815
 5570                1575
 5575                1822
 5580                1757
 5585                1671
 5590                1916
 5595                1743
 5600                1673
 5605                1501
 5610                1747
 5615                1670
 5620                1615
 5625                1684
 5630                1678
 5635                1758
 5640                1852
 5645                1685
 5650                1596
 5655                2007
 5660                1610
 5665                1700
 5670                1932
 5675                1770
 5680                1863
 5685                1945
 5690                1861
 5695                1776
 5700                1768
 5705                1719
 5710                2113
 5715                1611
 5720                1951
 5725                1789
 5730                1707
 5735                1621
 5740                1628
 5745                1972
 5750                1628
 5755                1626
 5760                1803
 5765                1641
 5770                1719
 5775                1801
 5780                2058
 5785                1551
 5790                1740
 5795                1551
 5800                1899
 5805                2003
 5810                1568
 5815                1832
 5820                1649
 5825                1646
 5830                1661
 5835                1652
 5840                1651
 5845                1562
 5850                1927
 5855                1835
 5860                1575
 5865                2079
 5870                1832
 5875                1930
 5880                1934
 5885                1842
 5890                1923
 5895                1861
 5900                2018
 5905                1671
 5910                1847
 5915                1849
 5920                1856
 5925                1854
 5930                1938
 5935                1768
 5940                1775
 5945                1968
 5950                1952
 5955                1680
 5960                1776
 5965                2028
 5970                2039
 5975                1868
 5980                1787
 5985                1867
 5990                1965
 5995                1967
 6000                1883
 6005                1784
 6010                1706
 6015                1882
 6020                1899
 6025                1807
 6030                1889
 6035                1982
 6040                1793
 6045                2078
 6050                1720
 6055                1903
 6060                1808
 6065                2236
 6070                1818
 6075                2007
 6080                1728
 6085                1722
 6090                1993
 6095                1989
 6100                1825
 6105                1911
 6110                1910
 6115                1824
 6120                1995
 6125                2006
 6130                1925
 6135                1927
 6140                1830
 6145                1839
 6150                2009
 6155                2293
 6160                2109
 6165                2113
 6170                1749
 6175                1933
 6180                1747
 6185                1760
 6190                1768
 6195                1755
 6200                1946
 6205                1759
 6210                1866
 6215                1775
 6220                1673
 6225                1956
 6230                2042
 6235                1774
 6240                1784
 6245                1683
 6250                1964
 6255                1878
 6260                1970
 6265                1970
 6270                1886
 6275                1871
 6280                2149
 6285                1972
 6290                1971
 6295                1882
 6300                1894
 6305                1980
 6310                1895
 6315                2162
 6320                2070
 6325                2017
 6330                1805
 6335                1811
 6340                2082
 6345                1908
 6350                1992
 6355                2023
 6360                2198
 6365                1916
 6370                2202
 6375                2109
 6380                1824
 6385                1824
 6390                2022
 6395                2206
 6400                2197
 6405                1735
 6410                2019
 6415                1836
 6420                1735
 6425                2029
 6430                1745
 6435                2129
 6440                1949
 6445                2203
 6450                1840
 6455                1946
 6460                2048
 6465                1857
 6470                2042
 6475                1845
 6480                2042
 6485                2035
 6490                2133
 6495                1862
 6500                1863
 6505                2241
 6510                1968
 6515                2052
 6520                2154
 6525                1972
 6530                2081
 6535                2072
 6540                2357
 6545                2075
 6550                2064
 6555                2051
 6560                1876
 6565                2154
 6570                2260
 6575                1886
 6580                2087
 6585                1886
 6590                1893
 6595                1987
 6600                2101
 6605                1992
 6610                1982
 6615                2001
 6620                2089
 6625                1898
 6630                1904
 6635                1993
 6640                1901
 6645                1804
 6650                2018
 6655                2213
 6660                1817
 6665                2018
 6670                1912
 6675                2307
 6680                2301
 6685                2106
 6690                1917
 6695                1929
 6700                1935
 6705                2221
 6710                2122
 6715                1930
 6720                2024
 6725                2220
 6730                1825
 6735                1952
 6740                1937
 6745                1835
 6750                1837
 6755                2028
 6760                2341
 6765                2138
 6770                2137
 6775                1938
 6780                2048
 6785                1850
 6790                1951
 6795                2157
 6800                2251
 6805                1981
 6810                2154
 6815                1861
 6820                1979
 6825                2161
 6830                2375
 6835                2089
 6840                1871
 6845                1963
 6850                2266
 6855                1970
 6860                1866
 6865                2364
 6870                1876
 6875                2176
 6880                2085
 6885                2486
 6890                2183
 6895                1986
 6900                2100
 6905                1978
 6910                2083
 6915                2186
 6920                2381
 6925                2090
 6930                2186
 6935                2216
 6940                2310
 6945                2106
 6950                2117
 6955                2210
 6960                2113
 6965                2011
 6970                2003
 6975                2106
 6980                2211
 6985                2110
 6990                1894
 6995                2011
 7000                2234
 7005                2015
 7010                2226
 7015                2329
 7020                2030
 7025                2229
 7030                2350
 7035                2535
 7040                2032
 7045                2031
 7050                2130
 7055                2539
 7060                2137
 7065                2238
 7070                2240
 7075                2244
 7080                2042
 7085                2352
 7090                2475
 7095                2265
 7100                2158
 7105                2263
 7110                2063
 7115                2365
 7120                2582
 7125                2155
 7130                2278
 7135                2064
 7140                2276
 7145                2195
 7150                2271
 7155                2278
 7160                2059
 7165                2388
 7170                2170
 7175                2277
 7180                1954
 7185                2378
 7190                2065
 7195                2277
 7200                2277
 7205                2283
 7210                2288
 7215                2298
 7220                2505
 7225                2089
 7230                1979
 7235                2302
 7240                2099
 7245                2308
 7250                2304
 7255                2424
 7260                2307
 7265                1986
 7270                2310
 7275                2320
 7280                1991
 7285                2638
 7290                2319
 7295                1990
 7300                2000
 7305                2220
 7310                2213
 7315                2107
 7320                2210
 7325                2226
 7330                2216
 7335                2423
 7340                2112
 7345                2233
 7350                2336
 7355                2127
 7360                2665
 7365                2229
 7370                2237
 7375                2237
 7380                2133
 7385                2236
 7390                2142
 7395                2550
 7400                2247
 7405                2038
 7410                2141
 7415                2039
 7420                2264
 7425                2252
 7430                2247
 7435                2156
 7440                2365
 7445                2259
 7450                2482
 7455                2488
 7460                2261
 7465                2271
 7470                2380
 7475                2275
 7480                2391
 7485                2173
 7490                2270
 7495                2159
 7500                2610
 7505                2060
 7510                2266
 7515                2392
 7520                2379
 7525                2167
 7530                2610
 7535                2172
 7540                2061
 7545                2505
 7550                2395
 7555                2522
 7560                2412
 7565                2193
 7570                2194
 7575                2413
 7580                2195
 7585                2082
 7590                2305
 7595                2297
 7600                2414
 7605                2424
 7610                2424
 7615                2430
 7620                2210
 7625                2428
 7630                2323
 7635                2652
 7640                2645
 7645                2444
 7650                2553
 7655                2548
 7660                2446
 7665                2101
 7670                2334
 7675                2225
 7680                2566
 7685                2227
 7690                2349
 7695                2456
 7700                2343
 7705                2581
 7710                2444
 7715                2220
 7720                2572
 7725                2462
 7730                2344
 7735                2455
 7740                2466
 7745                2355
 7750                2470
 7755                2466
 7760                2363
 7765                2581
 7770                2243
 7775                2376
 7780                2248
 7785                2255
 7790                2604
 7795                2476
 7800                2513
 7805                2613
 7810                2490
 7815                2257
 7820                2279
 7825                2259
 7830                2267
 7835                2153
 7840                2268
 7845                2377
 7850                2503
 7855                2396
 7860                2518
 7865                2410
 7870                2379
 7875                2270
 7880                2268
 7885                2277
 7890                2514
 7895                2510
 7900                2281
 7905                2403
 7910                2396
 7915                2512
 7920                2186
 7925                2526
 7930                2647
 7935                2185
 7940                2301
 7945                2527
 7950                2419
 7955                2300
 7960                2883
 7965                2664
 7970                2304
 7975                2300
 7980                2650
 7985                2304
 7990                2534
 7995                2897
 8000                2320
 8005                2317
 8010                2193
 8015                2555
 8020                2438
 8025                2200
 8030                2558
 8035                2454
 8040                2552
 8045                2444
 8050                2453
 8055                2322
 8060                2324
 8065                2203
 8070                2576
 8075                2574
 8080                2564
 8085                2333
 8090                2216
 8095                2468
 8100                2706
 8105                2350
 8110                2480
 8115                2471
 8120                2589
 8125                2590
 8130                2347
 8135                2470
 8140                2470
 8145                2738
 8150                2472
 8155                2724
 8160                2480
 8165                2240
 8170                2599
 8175                2251
 8180                2248
 8185                2590
 8190                2609
 8195                2384
 8200                2484
 8205                2730
 8210                2605
 8215                2502
 8220                2747
 8225                2493
 8230                2618
 8235                2633
 8240                2629
 8245                2385
 8250                2259
 8255                2620
 8260                2621
 8265                2875
 8270                2398
 8275                2400
 8280                2638
 8285                2772
 8290                2401
 8295                2520
 8300                2285
 8305                2393
 8310                2400
 8315                2647
 8320                2896
 8325                2666
 8330                2662
 8335                2417
 8340                2797
 8345                2658
 8350                2538
 8355                2666
 8360                2417
 8365                2418
 8370                2423
 8375                2300
 8380                2312
 8385                2798
 8390                2305
 8395                2321
 8400                2447
 8405                2432
 8410                2686
 8415                2430
 8420                2435
 8425                2319
 8430                2686
 8435                2700
 8440                2697
 8445                2581
 8450                2941
 8455                2946
 8460                2337
 8465                2582
 8470                2701
 8475                2461
 8480                2711
 8485                2581
 8490                2567
 8495                2473
 8500                2586
 8505                2714
 8510                2722
 8515                2476
 8520                2852
 8525                2465
 8530                2601
 8535                2591
 8540                2347
 8545                2729
 8550                2482
 8555                2875
 8560                2360
 8565                2361
 8570                2488
 8575                2483
 8580                2495
 8585                2753
 8590                2500
 8595                2370
 8600                2871
 8605                2502
 8610                2619
 8615                2493
 8620                2377
 8625                2498
 8630                2377
 8635                2507
 8640                2511
 8645                2514
 8650                2533
 8655                2772
 8660                2642
 8665                2640
 8670                2655
 8675                2779
 8680                2653
 8685                2407
 8690                2418
 8695                2528
 8700                2648
 8705                2790
 8710                2781
 8715                2674
 8720                2798
 8725                2403
 8730                2536
 8735                2665
 8740                2818
 8745                2556
 8750                2545
 8755                2692
 8760                2689
 8765                2543
 8770                2412
 8775                2670
 8780                2560
 8785                2688
 8790                2564
 8795                2694
 8800                3063
 8805                2567
 8810                2949
 8815                2568
 8820                2588
 8825                2455
 8830                2826
 8835                2565
 8840                2443
 8845                2440
 8850                3105
 8855                2966
 8860                2587
 8865                2445
 8870                2598
 8875                2584
 8880                2608
 8885                3244
 8890                2843
 8895                2729
 8900                2725
 8905                2731
 8910                2871
 8915                2462
 8920                2731
 8925                2605
 8930                2743
 8935                2612
 8940                2470
 8945                2861
 8950                2743
 8955                2474
 8960                2624
 8965                2619
 8970                2486
 8975                3026
 8980                2481
 8985                3018
 8990                2624
 8995                2631
 9000                2631
 9005                2623
 9010                2750
 9015                2629
 9020                2631
 9025                2907
 9030                2500
 9035                2629
 9040                2763
 9045                2641
 9050                2651
 9055                2513
 9060                2783
 9065                2779
 9070                2636
 9075                3059
 9080                2661
 9085                2913
 9090                2647
 9095                2531
 9100                2676
 9105                2683
 9110                2803
 9115                2943
 9120                2928
 9125                2823
 9130                2675
 9135                2937
 9140                3063
 9145                2679
 9150                2671
 9155                3209
 9160                3066
 9165                3069
 9170                2547
 9175                2683
 9180                2810
 9185                2539
 9190                2547
 9195                2548
 9200                2817
 9205                2816
 9210                2956
 9215                2694
 9220                2563
 9225                2717
 9230                2560
 9235                2844
 9240                2561
 9245                2841
 9250                2709
 9255                2981
 9260                2836
 9265                2714
 9270                2981
 9275                2718
 9280                2707
 9285                2571
 9290                2720
 9295                2715
 9300                2731
 9305                2872
 9310                2997
 9315                2996
 9320                2725
 9325                2593
 9330                2735
 9335                2735
 9340                2734
 9345                3017
 9350                3023
 9355                2732
 9360                2738
 9365                2601
 9370                2602
 9375                2758
 9380                2593
 9385                2747
 9390                2889
 9395                2752
 9400                3026
 9405                2876
 9410                2760
 9415                2900
 9420                3167
 9425                2614
 9430                2763
 9435                2630
 9440                2625
 9445                2771
 9450                2901
 9455                3049
 9460                3054
 9465                3046
 9470                2919
 9475                2777
 9480                3052
 9485                3053
 9490                2777
 9495                2789
 9500                2774
 9505                3055
 9510                2791
 9515                3206
 9520                2647
 9525                3066
 9530                2795
 9535                2938
 9540                3070
 9545                2789
 9550                3078
 9555                3083
 9560                2817
 9565                2672
 9570                2667
 9575                2816
 9580                3100
 9585                2948
 9590                2811
 9595                3095
 9600                2805
 9605                2829
 9610                2830
 9615                2682
 9620                2808
 9625                2809
 9630                2977
 9635                2822
 9640                3384
 9645                2975
 9650                3124
 9655                2820
 9660                2824
 9665                2989
 9670                2829
 9675                2961
 9680                2840
 9685                2977
 9690                3271
 9695                2830
 9700                3136
 9705                2845
 9710                2845
 9715                2991
 9720                3287
 9725                2853
 9730                2851
 9735                2855
 9740                2857
 9745                3138
 9750                2999
 9755                2865
 9760                2862
 9765                2853
 9770                3429
 9775                3006
 9780                3004
 9785                2718
 9790                2874
 9795                2877
 9800                3154
 9805                2876
 9810                3154
 9815                2867
 9820                3030
 9825                2886
 9830                3443
 9835                2889
 9840                3017
 9845                2737
 9850                3165
 9855                2893
 9860                2894
 9865                2880
 9870                2734
 9875                2893
 9880                3049
 9885                2895
 9890                3038
 9895                3203
 9900                2935
 9905                3201
 9910                3051
 9915                2748
 9920                2759
 9925                3061
 9930                3061
 9935                3194
 9940                3060
 9945                3343
 9950                2910
 9955                2919
 9960                2925
 9965                3051
 9970                2920
 9975                2933
 9980                3069
 9985                2766
 9990                3353
 9995                3222
