    5                   4
   10                   4
   15                   5
   20                   6
   25                   9
   30                  12
   35                  13
   40                  12
   45                  17
   50                  18
   55                  22
   60                  21
   65                  24
   70                  26
   75                  26
   80                  35
   85                  34
   90                  35
   95                  35
  100                  36
  105                  42
  110                  40
  115                  50
  120                  53
  125                  50
  130                 210
  135                  48
  140                  67
  145                  59
  150                  66
  155                  64
  160                  65
  165                  54
  170                  63
  175                  47
  180                  69
  185                  66
  190                  59
  195                  57
  200                  62
  205                  64
  210                  67
  215                  73
  220                  76
  225                  65
  230                  75
  235                  82
  240                  73
  245                  79
  250                  79
  255                  83
  260                 105
  265                  87
  270                 108
  275                 101
  280                  88
  285                  97
  290                  90
  295                 122
  300                 106
  305                 104
  310                  97
  315                 108
  320                 116
  325                 106
  330                  94
  335                 121
  340                 100
  345                 113
  350                 129
  355                 128
  360                 117
  365                 120
  370                 129
  375                 337
  380                 142
  385                 136
  390                 155
  395                 148
  400                 169
  405                 133
  410                 136
  415                 133
  420                 124
  425                 139
  430                 139
  435                 141
  440                 151
  445                 168
  450                 148
  455                 116
  460                 152
  465                 170
  470                 165
  475                 164
  480                 193
  485                 162
  490                 167
  495                 176
  500                 164
  505                 165
  510                 183
  515                 177
  520                 148
  525                 203
  530                 188
  535                 165
  540                 199
  545                 160
  550                 189
  555                 155
  560                 192
  565                 162
  570                 200
  575                 202
  580                 188
  585                 193
  590                 217
  595                 180
  600                 180
  605                 158
  610                 202
  615                 225
  620                 205
  625                 196
  630                 207
  635                 226
  640                 199
  645                 189
  650                 248
  655                 203
  660                 284
  665                 275
  670                 268
  675                 198
  680                 248
  685                 248
  690                 247
  695                 251
  700                 239
  705                 223
  710                 245
  715                 272
  720                 276
  725                 223
  730                 255
  735                 246
  740                 240
  745                 260
  750                 279
  755                 199
  760                 267
  765                 243
  770                 260
  775                 226
  780                 308
  785                 251
  790                 301
  795                 274
  800                 283
  805                 291
  810                 257
  815                 264
  820                 272
  825                 275
  830                 280
  835                 278
  840                 311
  845                 263
  850                 245
  855                 336
  860                 290
  865                 233
  870                 234
  875                 342
  880                 285
  885                 297
  890                 384
  895                 278
  900                 271
  905                 279
  910                 366
  915                 386
  920                 351
  925                 364
  930                 261
  935                 262
  940                 319
  945                 269
  950                 282
  955                 319
  960                 324
  965                 310
  970                 302
  975                 331
  980                 305
  985                 348
  990                 372
  995                 281
 1000                 375
 1005                 339
 1010                 317
 1015                 371
 1020                 384
 1025                 371
 1030                 357
 1035                 338
 1040                 357
 1045                 325
 1050                 356
 1055                 360
 1060                 327
 1065                 332
 1070                 341
 1075                 394
 1080                 351
 1085                 423
 1090                 374
 1095                 372
 1100                 367
 1105                 344
 1110                 406
 1115                 359
 1120                 317
 1125                 353
 1130                 448
 1135                 424
 1140                 395
 1145                 355
 1150                 345
 1155                 367
 1160                 393
 1165                 315
 1170                 382
 1175                 398
 1180                 405
 1185                 398
 1190                 357
 1195                 442
 1200                 362
 1205                 336
 1210                 377
 1215                 329
 1220                 402
 1225                 386
 1230                 420
 1235                 458
 1240                 377
 1245                 445
 1250                 378
 1255                 417
 1260                 378
 1265                 479
 1270                 404
 1275                 404
 1280                 436
 1285                 474
 1290                 447
 1295                 448
 1300                 465
 1305                 446
 1310                 481
 1315                 356
 1320                 465
 1325                 440
 1330                 401
 1335                 412
 1340                 403
 1345                 435
 1350                 387
 1355                 390
 1360                 466
 1365                 409
 1370                 436
 1375                 462
 1380                 460
 1385                 441
 1390                 464
 1395                 485
 1400                 521
 1405                 407
 1410                 385
 1415                 380
 1420                 530
 1425                 490
 1430                 436
 1435                 412
 1440                 451
 1445                 537
 1450                 439
 1455                 502
 1460                 489
 1465                 514
 1470                 404
 1475                 425
 1480                 423
 1485                 609
 1490                 526
 1495                 470
 1500                 496
 1505                 423
 1510                 463
 1515                 390
 1520                 482
 1525                 487
 1530                 591
 1535                 475
 1540                 548
 1545                 488
 1550                 475
 1555                 556
 1560                 591
 1565                 474
 1570                 519
 1575                 551
 1580                 556
 1585                 453
 1590                 485
 1595                 556
 1600                 598
 1605                 531
 1610                 465
 1615                 533
 1620                 546
 1625                 445
 1630                 511
 1635                 569
 1640                 513
 1645                 499
 1650                 473
 1655                 485
 1660                 467
 1665                 528
 1670                 510
 1675                 533
 1680                 581
 1685                 537
 1690                 517
 1695                 481
 1700                 548
 1705                 481
 1710                 550
 1715                 572
 1720                 554
 1725                 528
 1730                 620
 1735                 556
 1740                 596
 1745                 492
 1750                 612
 1755                 537
 1760                 615
 1765                 575
 1770                 701
 1775                 545
 1780                 572
 1785                 526
 1790                 634
 1795                 522
 1800                 650
 1805                 582
 1810                 608
 1815                 589
 1820                 585
 1825                 642
 1830                 571
 1835                 587
 1840                 619
 1845                 570
 1850                 648
 1855                 658
 1860                 573
 1865                 547
 1870                 689
 1875                 611
 1880                 576
 1885                 609
 1890                 583
 1895                 591
 1900                 533
 1905                 586
 1910                 613
 1915                 604
 1920                 650
 1925                 587
 1930                 649
 1935                 566
 1940                 625
 1945                 657
 1950                 656
 1955                 544
 1960                 547
 1965                 606
 1970                 655
 1975                 610
 1980                 670
 1985                 672
 1990                 624
 1995                 671
 2000                 613
 2005                 666
 2010                 717
 2015                 623
 2020                 571
 2025                 742
 2030                 625
 2035                 653
 2040                 656
 2045                 635
 2050                 640
 2055                 634
 2060                 732
 2065                 692
 2070                 662
 2075                 627
 2080                 725
 2085                 670
 2090                 696
 2095                 622
 2100                 713
 2105                 650
 2110                 759
 2115                 624
 2120                 679
 2125                 599
 2130                 581
 2135                 728
 2140                 672
 2145                 667
 2150                 682
 2155                 605
 2160                 753
 2165                 768
 2170                 685
 2175                 796
 2180                 634
 2185                 708
 2190                 744
 2195                 756
 2200                 677
 2205                 779
 2210                 627
 2215                 753
 2220                 823
 2225                 700
 2230                 841
 2235                 640
 2240                 673
 2245                 743
 2250                 666
 2255                 701
 2260                 702
 2265                 708
 2270                 621
 2275                 650
 2280                 764
 2285                 836
 2290                 648
 2295                 732
 2300                 580
 2305                 752
 2310                 652
 2315                 653
 2320                 755
 2325                 654
 2330                 754
 2335                 724
 2340                 683
 2345                 711
 2350                 740
 2355                 662
 2360                 754
 2365                 774
 2370                 768
 2375                 760
 2380                 710
 2385                 600
 2390                 751
 2395                 815
 2400                 946
 2405                 680
 2410                 814
 2415                 838
 2420                 815
 2425                 853
 2430                 791
 2435                 813
 2440                 916
 2445                 935
 2450                 776
 2455                 803
 2460                 827
 2465                 740
 2470                 801
 2475                 737
 2480                 874
 2485                 809
 2490                 847
 2495                 892
 2500                 669
 2505                 816
 2510                 820
 2515                 780
 2520                 673
 2525                 786
 2530                 712
 2535                 898
 2540                 838
 2545                 869
 2550                 722
 2555                 828
 2560                 731
 2565                 798
 2570                 773
 2575                 801
 2580                 850
 2585                 766
 2590                 853
 2595                 761
 2600                 894
 2605                 783
 2610                 997
 2615                 863
 2620                 705
 2625                 820
 2630                 822
 2635                 929
 2640                 896
 2645                 866
 2650                 958
 2655                 892
 2660                 756
 2665                 893
 2670                 798
 2675                 920
 2680                 876
 2685                 802
 2690                 857
 2695                 885
 2700                 852
 2705                 931
 2710                 889
 2715                 861
 2720                 910
 2725                 864
 2730                 873
 2735                 825
 2740                 826
 2745                 834
 2750                 896
 2755                 926
 2760                 868
 2765                 876
 2770                1024
 2775                 876
 2780                 796
 2785                 880
 2790                 798
 2795                 917
 2800                 801
 2805                 921
 2810                 973
 2815                 921
 2820                 893
 2825                 899
 2830                 767
 2835                 893
 2840                 896
 2845                 772
 2850                 942
 2855                 976
 2860                 942
 2865                 899
 2870                 777
 2875                 921
 2880                 975
 2885                 907
 2890                 830
 2895                 863
 2900                 906
 2905                 865
 2910                 998
 2915                 895
 2920                1103
 2925                 876
 2930                1097
 2935                 927
 2940                 809
 2945                 884
 2950                1023
 2955                 976
 2960                 886
 2965                 901
 2970                 804
 2975                 975
 2980                 897
 2985                 896
 2990                 829
 2995                 945
 3000                1026
 3005                 991
 3010                1037
 3015                 962
 3020                 862
 3025                 926
 3030                 995
 3035                 917
 3040                 970
 3045                 904
 3050                 924
 3055                 918
 3060                 784
 3065                 830
 3070                 931
 3075                 876
 3080                 978
 3085                1039
 3090                 975
 3095                 840
 3100                 945
 3105                 976
 3110                 985
 3115                 982
 3120                 987
 3125                 994
 3130                1039
 3135                 964
 3140                 990
 3145                 994
 3150                 996
 3155                 910
 3160                1137
 3165                1048
 3170                1239
 3175                 957
 3180                 914
 3185                 919
 3190                1050
 3195                 969
 3200                 920
 3205                1033
 3210                 879
 3215                1063
 3220                 930
 3225                 971
 3230                1164
 3235                1071
 3240                1101
 3245                 933
 3250                1015
 3255                1119
 3260                1039
 3265                1126
 3270                1032
 3275                1094
 3280                1072
 3285                1008
 3290                1091
 3295                 966
 3300                1091
 3305                1069
 3310                1047
 3315                1007
 3320                1062
 3325                1161
 3330                1152
 3335                1016
 3340                 935
 3345                1158
 3350                1025
 3355                1016
 3360                1092
 3365                1123
 3370                1069
 3375                1167
 3380                1079
 3385                1172
 3390                1122
 3395                1177
 3400                1035
 3405                 985
 3410                1130
 3415                1205
 3420                1087
 3425                1100
 3430                 996
 3435                1162
 3440                 942
 3445                1142
 3450                 995
 3455                1059
 3460                1003
 3465                1103
 3470                1104
 3475                1150
 3480                1312
 3485                1060
 3490                1021
 3495                1013
 3500                1235
 3505                1075
 3510                1124
 3515                 967
 3520                1085
 3525                 968
 3530                1331
 3535                1122
 3540                1019
 3545                1097
 3550                1236
 3555                1080
 3560                1136
 3565                1288
 3570                1087
 3575                1087
 3580                1086
 3585                1098
 3590                1066
 3595                1046
 3600                 994
 3605                1108
 3610                 994
 3615                1158
 3620                 992
 3625                1136
 3630                1005
 3635                1125
 3640                1163
 3645                1120
 3650                1116
 3655                1134
 3660                1170
 3665                1126
 3670                1175
 3675                1148
 3680                1015
 3685                1280
 3690                1178
 3695                1081
 3700                1026
 3705                1024
 3710                1024
 3715                1448
 3720                1032
 3725                1193
 3730                1295
 3735                1366
 3740                1035
 3745                1097
 3750                1217
 3755                1141
 3760                1247
 3765                1056
 3770                1258
 3775                1168
 3780                 989
 3785                1168
 3790                1104
 3795                1170
 3800                1158
 3805                1072
 3810                1224
 3815                1121
 3820                1221
 3825                1119
 3830                1232
 3835                1130
 3840                1270
 3845                1127
 3850                1124
 3855                1257
 3860                1131
 3865                1307
 3870                1134
 3875                1311
 3880                1182
 3885                1197
 3890                1186
 3895                1187
 3900                1243
 3905                1197
 3910                1139
 3915                1194
 3920                1262
 3925                1257
 3930                1274
 3935                1262
 3940                1493
 3945                1030
 3950                1227
 3955                1427
 3960                1146
 3965                1274
 3970                1156
 3975                1092
 3980                1037
 3985                1103
 3990                1100
 3995                1390
 4000                1228
 4005                1214
 4010                1433
 4015                1205
 4020                1293
 4025                1295
 4030                1424
 4035                1117
 4040                1341
 4045                1416
 4050                1256
 4055                1576
 4060                1136
 4065                1429
 4070                1196
 4075                1186
 4080                1302
 4085                1316
 4090                1482
 4095                1267
 4100                1135
 4105                1442
 4110                1313
 4115                1218
 4120                1257
 4125                1505
 4130                1317
 4135                1154
 4140                1100
 4145                1385
 4150                1341
 4155                1150
 4160                1347
 4165                1275
 4170                1277
 4175                1278
 4180                1343
 4185                1417
 4190                1447
 4195                1188
 4200                1465
 4205                1350
 4210                1344
 4215                1250
 4220                1315
 4225                1409
 4230                1374
 4235                1362
 4240                1308
 4245                1179
 4250                1242
 4255                1314
 4260                1308
 4265                1443
 4270                1121
 4275                1387
 4280                1396
 4285                1313
 4290                1329
 4295                1323
 4300                1401
 4305                1395
 4310                1267
 4315                1397
 4320                1197
 4325                1489
 4330                1278
 4335                1522
 4340                1462
 4345                1276
 4350                1348
 4355                1404
 4360                1406
 4365                1533
 4370                1280
 4375                1366
 4380                1289
 4385                1487
 4390                1351
 4395                1160
 4400                1447
 4405                1357
 4410                1509
 4415                1506
 4420                1233
 4425                1447
 4430                1700
 4435                1310
 4440                1555
 4445                1247
 4450                1320
 4455                1371
 4460                1574
 4465                1504
 4470                1328
 4475                1328
 4480                1314
 4485                1330
 4490                1531
 4495                1257
 4500                1354
 4505                1318
 4510                1342
 4515                1592
 4520                1331
 4525                1485
 4530                1391
 4535                1275
 4540                1540
 4545                1535
 4550                1494
 4555                1481
 4560                1413
 4565                1673
 4570                1417
 4575                1397
 4580                1482
 4585                1590
 4590                1425
 4595                1218
 4600                1498
 4605                1512
 4610                1569
 4615                1423
 4620                1580
 4625                1504
 4630                1379
 4635                1438
 4640                1505
 4645                1593
 4650                1437
 4655                1438
 4660                1515
 4665                1399
 4670                1392
 4675                1593
 4680                1648
 4685                1340
 4690                1446
 4695                1444
 4700                1399
 4705                1389
 4710                1327
 4715                1327
 4720                1726
 4725                1539
 4730                1532
 4735                1322
 4740                1590
 4745                1539
 4750                1466
 4755                1270
 4760                1328
 4765                1425
 4770                1527
 4775                1552
 4780                1639
 4785                1415
 4790                1345
 4795                1564
 4800                1362
 4805                1563
 4810                1507
 4815                1486
 4820                1420
 4825                1444
 4830                1707
 4835                1568
 4840                1504
 4845                1581
 4850                1374
 4855                1436
 4860                1502
 4865                1371
 4870                1434
 4875                1364
 4880                1311
 4885                1648
 4890                1581
 4895                1674
 4900                1803
 4905                1662
 4910                1386
 4915                1517
 4920                1666
 4925                1536
 4930                1596
 4935                1523
 4940                1465
 4945                1383
 4950                1388
 4955                1541
 4960                1386
 4965                1621
 4970                1490
 4975                1478
 4980                1405
 4985                1396
 4990                1550
 4995                1462
 5000                1552
 5005                1688
 5010                1630
 5015                1642
 5020                1701
 5025                1631
 5030                1460
 5035                1796
 5040                1413
 5045                1786
 5050                1654
 5055                1413
 5060                1582
 5065                1788
 5070                1347
 5075                1353
 5080                1574
 5085                1572
 5090                1520
 5095                1580
 5100                1353
 5105                1666
 5110                1591
 5115                1659
 5120                1600
 5125                1436
 5130                1437
 5135                1451
 5140                1740
 5145                1666
 5150                1687
 5155                1761
 5160                1825
 5165                1452
 5170                1614
 5175                1751
 5180                1693
 5185                1688
 5190                1560
 5195                1614
 5200                1532
 5205                1850
 5210                1620
 5215                1385
 5220                1633
 5225                1625
 5230                1694
 5235                1567
 5240                1683
 5245                1548
 5250                1632
 5255                1731
 5260                1691
 5265                1716
 5270                1719
 5275                1494
 5280                1641
 5285                1879
 5290                1654
 5295                1688
 5300                1724
 5305                1655
 5310                1891
 5315                1649
 5320                1723
 5325                1508
 5330                1664
 5335                1656
 5340                1576
 5345                1673
 5350                1745
 5355                1750
 5360                1445
 5365                1511
 5370                1671
 5375                1521
 5380                1448
 5385                1604
 5390                1758
 5395                1610
 5400                1762
 5405                1755
 5410                1697
 5415                1621
 5420                1686
 5425                1605
 5430                1538
 5435                1645
 5440                1695
 5445                1640
 5450                2023
 5455                1702
 5460                1627
 5465                1731
 5470                1567
 5475                1556
 5480                1793
 5485                1568
 5490                1808
 5495                1712
 5500                1555
 5505                1655
 5510                1720
 5515                1877
 5520                1474
 5525                1814
 5530                1688
 5535                1561
 5540                1592
 5545                1671
 5550                1563
 5555                1728
 5560                1746
 5565                1572
 5570                1652
 5575                1834
 5580                1751
 5585                1866
 5590                1984
 5595                1743
 5600                1592
 5605                1756
 5610                1657
 5615                1921
 5620                1607
 5625                1771
 5630                1674
 5635                1932
 5640                1862
 5645                1931
 5650                1676
 5655                1686
 5660                1778
 5665                1993
 5670                1694
 5675                1777
 5680                1700
 5685                1539
 5690                1861
 5695                1947
 5700                1611
 5705                1716
 5710                1961
 5715                1640
 5720                1869
 5725                1888
 5730                1886
 5735                1877
 5740                1944
 5745                1625
 5750                1897
 5755                1643
 5760                1717
 5765                1717
 5770                1827
 5775                1942
 5780                1551
 5785                1806
 5790                1649
 5795                1742
 5800                1727
 5805                1745
 5810                1918
 5815                1829
 5820                1647
 5825                1650
 5830                1909
 5835                1761
 5840                1928
 5845                1651
 5850                1665
 5855                2040
 5860                1765
 5865                1775
 5870                1569
 5875                1834
 5880                1858
 5885                1934
 5890                1670
 5895                1844
 5900                1673
 5905                1671
 5910                1885
 5915                1934
 5920                1844
 5925                1854
 5930                1950
 5935                1917
 5940                1682
 5945                1852
 5950                1886
 5955                1788
 5960                1884
 5965                1600
 5970                2043
 5975                1704
 5980                1967
 5985                1780
 5990                1951
 5995                1882
 6000                1838
 6005                1802
 6010                1876
 6015                1884
 6020                1709
 6025                1717
 6030                1983
 6035                1816
 6040                1800
 6045                1889
 6050                1840
 6055                1735
 6060                1917
 6065                1900
 6070                1907
 6075                1817
 6080                1828
 6085                1732
 6090                1996
 6095                1910
 6100                2082
 6105                1791
 6110                2002
 6115                2019
 6120                2127
 6125                1837
 6130                1736
 6135                1752
 6140                2024
 6145                2019
 6150                1831
 6155                2014
 6160                1853
 6165                2296
 6170                1854
 6175                2029
 6180                1941
 6185                1938
 6190                1850
 6195                2047
 6200                1947
 6205                1954
 6210                1862
 6215                1953
 6220                1773
 6225                1871
 6230                1869
 6235                1867
 6240                1786
 6245                2236
 6250                2052
 6255                1976
 6260                1970
 6265                2075
 6270                1972
 6275                1956
 6280                1923
 6285                2061
 6290                2023
 6295                2073
 6300                1908
 6305                1978
 6310                2066
 6315                1797
 6320                1824
 6325                2096
 6330                1999
 6335                1919
 6340                1753
 6345                2076
 6350                1987
 6355                1829
 6360                2137
 6365                1733
 6370                1837
 6375                1921
 6380                2003
 6385                1928
 6390                2057
 6395                2114
 6400                1824
 6405                2011
 6410                1830
 6415                1919
 6420                2301
 6425                1848
 6430                1849
 6435                2014
 6440                1837
 6445                2118
 6450                1934
 6455                1949
 6460                2053
 6465                2150
 6470                1955
 6475                2223
 6480                1946
 6485                1760
 6490                1959
 6495                2247
 6500                1863
 6505                2059
 6510                2087
 6515                1952
 6520                1961
 6525                1865
 6530                2162
 6535                1880
 6540                1885
 6545                1776
 6550                1871
 6555                1879
 6560                2116
 6565                1893
 6570                1888
 6575                2177
 6580                1966
 6585                1884
 6590                2174
 6595                1888
 6600                1819
 6605                1998
 6610                2194
 6615                2210
 6620                1899
 6625                2095
 6630                2099
 6635                1949
 6640                2234
 6645                1922
 6650                2113
 6655                2026
 6660                2017
 6665                2321
 6670                1909
 6675                1914
 6680                2108
 6685                1918
 6690                2029
 6695                2020
 6700                2137
 6705                1937
 6710                2033
 6715                1923
 6720                2121
 6725                2028
 6730                1932
 6735                2150
 6740                2136
 6745                2045
 6750                2342
 6755                1944
 6760                2126
 6765                2161
 6770                2375
 6775                2237
 6780                2054
 6785                2241
 6790                1950
 6795                1960
 6800                2268
 6805                1958
 6810                1963
 6815                1961
 6820                2158
 6825                2255
 6830                2171
 6835                2278
 6840                2159
 6845                2158
 6850                2192
 6855                2078
 6860                1880
 6865                2290
 6870                2188
 6875                2279
 6880                2187
 6885                1998
 6890                2075
 6895                2282
 6900                2080
 6905                1983
 6910                1991
 6915                2093
 6920                1999
 6925                2103
 6930                1944
 6935                2105
 6940                2100
 6945                1891
 6950                2104
 6955                2299
 6960                1897
 6965                2018
 6970                2320
 6975                2216
 6980                2017
 6985                2017
 6990                2327
 6995                2225
 7000                2015
 7005                2525
 7010                2217
 7015                2024
 7020                2057
 7025                2223
 7030                2228
 7035                2336
 7040                2027
 7045                2042
 7050                2451
 7055                2247
 7060                2039
 7065                2293
 7070                2159
 7075                2052
 7080                2250
 7085                2206
 7090                2378
 7095                2357
 7100                1938
 7105                2362
 7110                1933
 7115                1946
 7120                2363
 7125                2346
 7130                1946
 7135                2372
 7140                2056
 7145                1959
 7150                2377
 7155                2429
 7160                2376
 7165                2595
 7170                1968
 7175                2080
 7180                2183
 7185                2085
 7190                2395
 7195                2131
 7200                2403
 7205                2407
 7210                2709
 7215                2347
 7220                2404
 7225                2304
 7230                2195
 7235                2101
 7240                2415
 7245                1977
 7250                1982
 7255                2202
 7260                2351
 7265                2621
 7270                1988
 7275                2102
 7280                2145
 7285                2532
 7290                2000
 7295                1994
 7300                2543
 7305                2189
 7310                2250
 7315                2114
 7320                2470
 7325                2238
 7330                2347
 7335                2337
 7340                2131
 7345                2128
 7350                2343
 7355                2027
 7360                2663
 7365                2242
 7370                2356
 7375                2030
 7380                2138
 7385                2037
 7390                2019
 7395                2256
 7400                2034
 7405                2362
 7410                2401
 7415                2159
 7420                2253
 7425                2248
 7430                2305
 7435                2146
 7440                2259
 7445                2151
 7450                2517
 7455                2267
 7460                2475
 7465                2384
 7470                2275
 7475                2265
 7480                2402
 7485                2165
 7490                2163
 7495                2050
 7500                2287
 7505                2171
 7510                2391
 7515                2299
 7520                2385
 7525                2393
 7530                2504
 7535                2401
 7540                2407
 7545                2527
 7550                2410
 7555                2351
 7560                2410
 7565                2313
 7570                2426
 7575                2801
 7580                2423
 7585                2198
 7590                2426
 7595                2325
 7600                2321
 7605                2208
 7610                2204
 7615                2434
 7620                2210
 7625                2653
 7630                2654
 7635                2104
 7640                2456
 7645                2221
 7650                2572
 7655                2455
 7660                2653
 7665                2216
 7670                2325
 7675                2337
 7680                2334
 7685                2099
 7690                2429
 7695                2458
 7700                2229
 7705                2449
 7710                2459
 7715                2341
 7720                2451
 7725                2474
 7730                2343
 7735                2365
 7740                2484
 7745                2480
 7750                2477
 7755                2146
 7760                2482
 7765                2479
 7770                2489
 7775                2157
 7780                2256
 7785                2385
 7790                2601
 7795                2499
 7800                2137
 7805                2156
 7810                2600
 7815                2262
 7820                2171
 7825                2375
 7830                2489
 7835                2271
 7840                2513
 7845                2511
 7850                2263
 7855                2628
 7860                2506
 7865                2391
 7870                2399
 7875                2290
 7880                2515
 7885                2527
 7890                2290
 7895                2412
 7900                2299
 7905                2302
 7910                2647
 7915                2651
 7920                2405
 7925                2343
 7930                2524
 7935                2520
 7940                2292
 7945                2522
 7950                2530
 7955                2319
 7960                2778
 7965                2546
 7970                2202
 7975                2428
 7980                2670
 7985                2204
 7990                2434
 7995                2666
 8000                2316
 8005                2313
 8010                2192
 8015                2714
 8020                2671
 8025                2570
 8030                2332
 8035                2337
 8040                2339
 8045                2217
 8050                2218
 8055                2460
 8060                2224
 8065                2584
 8070                2231
 8075                2698
 8080                2466
 8085                2336
 8090                2342
 8095                2593
 8100                2345
 8105                2577
 8110                2224
 8115                2609
 8120                2595
 8125                2593
 8130                2589
 8135                2244
 8140                2375
 8145                2366
 8150                2246
 8155                2358
 8160                2591
 8165                2474
 8170                2476
 8175                2364
 8180                2378
 8185                2735
 8190                2666
 8195                2750
 8200                2621
 8205                2389
 8210                2605
 8215                2254
 8220                2380
 8225                2860
 8230                2394
 8235                2522
 8240                2619
 8245                2393
 8250                2449
 8255                2642
 8260                2757
 8265                2505
 8270                2525
 8275                2634
 8280                2528
 8285                2545
 8290                2659
 8295                2891
 8300                2414
 8305                2637
 8310                2522
 8315                2407
 8320                2909
 8325                2420
 8330                2430
 8335                2663
 8340                2547
 8345                2302
 8350                2909
 8355                2537
 8360                2588
 8365                2427
 8370                2566
 8375                2443
 8380                3093
 8385                2572
 8390                2308
 8395                2814
 8400                2678
 8405                2584
 8410                2446
 8415                2817
 8420                2814
 8425                2576
 8430                2827
 8435                2577
 8440                2708
 8445                2458
 8450                2965
 8455                2751
 8460                2574
 8465                2326
 8470                2457
 8475                2459
 8480                2339
 8485                2617
 8490                2621
 8495                2681
 8500                2849
 8505                2341
 8510                2716
 8515                2588
 8520                2612
 8525                2487
 8530                2489
 8535                2356
 8540                2356
 8545                2365
 8550                2480
 8555                2476
 8560                2607
 8565                2389
 8570                2746
 8575                2747
 8580                2496
 8585                2508
 8590                2606
 8595                2633
 8600                3036
 8605                2762
 8610                2517
 8615                2381
 8620                2385
 8625                2800
 8630                2635
 8635                2647
 8640                2772
 8645                2650
 8650                2525
 8655                2530
 8660                2514
 8665                2900
 8670                2774
 8675                2538
 8680                2786
 8685                2406
 8690                2519
 8695                2901
 8700                2525
 8705                2919
 8710                2794
 8715                2689
 8720                2529
 8725                2539
 8730                2785
 8735                2551
 8740                2568
 8745                2575
 8750                2557
 8755                2545
 8760                2551
 8765                2846
 8770                2571
 8775                2940
 8780                2835
 8785                2550
 8790                2937
 8795                2703
 8800                2624
 8805                2589
 8810                2831
 8815                2431
 8820                2823
 8825                2449
 8830                2863
 8835                2574
 8840                2708
 8845                2829
 8850                2704
 8855                2496
 8860                2845
 8865                2856
 8870                2606
 8875                2586
 8880                2466
 8885                2856
 8890                2904
 8895                2476
 8900                2716
 8905                2766
 8910                2589
 8915                2860
 8920                3136
 8925                2729
 8930                2603
 8935                2996
 8940                3009
 8945                2624
 8950                2615
 8955                2874
 8960                2929
 8965                2891
 8970                2494
 8975                3198
 8980                2483
 8985                2891
 8990                2634
 8995                2635
 9000                2887
 9005                2751
 9010                2766
 9015                2641
 9020                2642
 9025                2778
 9030                2648
 9035                2548
 9040                2908
 9045                2783
 9050                2655
 9055                2899
 9060                2502
 9065                2786
 9070                3060
 9075                2922
 9080                2686
 9085                2792
 9090                3061
 9095                3065
 9100                2792
 9105                2683
 9110                2934
 9115                2677
 9120                2550
 9125                2919
 9130                3084
 9135                2943
 9140                2676
 9145                2527
 9150                2707
 9155                3090
 9160                2543
 9165                2738
 9170                2678
 9175                2674
 9180                2838
 9185                2693
 9190                2969
 9195                2952
 9200                2556
 9205                2849
 9210                2691
 9215                2704
 9220                2827
 9225                2831
 9230                2993
 9235                2977
 9240                2830
 9245                2981
 9250                2717
 9255                2719
 9260                3241
 9265                2724
 9270                2986
 9275                2717
 9280                2839
 9285                2994
 9290                3139
 9295                3268
 9300                2753
 9305                2736
 9310                3004
 9315                2597
 9320                2724
 9325                2880
 9330                2736
 9335                2918
 9340                2893
 9345                2878
 9350                3031
 9355                2883
 9360                3006
 9365                2875
 9370                2877
 9375                2741
 9380                2888
 9385                3016
 9390                2612
 9395                2901
 9400                2901
 9405                2744
 9410                3031
 9415                2764
 9420                3070
 9425                2757
 9430                2758
 9435                2631
 9440                2625
 9445                2901
 9450                2617
 9455                3188
 9460                2780
 9465                2624
 9470                2818
 9475                3052
 9480                3183
 9485                3086
 9490                2912
 9495                2647
 9500                3062
 9505                2773
 9510                2784
 9515                3063
 9520                2657
 9525                2644
 9530                2803
 9535                2971
 9540                2744
 9545                3082
 9550                2808
 9555                3089
 9560                2672
 9565                2810
 9570                2812
 9575                2946
 9580                3100
 9585                2996
 9590                2810
 9595                3095
 9600                3532
 9605                2954
 9610                2669
 9615                3087
 9620                2957
 9625                3109
 9630                2827
 9635                2670
 9640                2968
 9645                2828
 9650                2843
 9655                2826
 9660                2974
 9665                2831
 9670                2963
 9675                3122
 9680                2826
 9685                2845
 9690                3259
 9695                2994
 9700                3170
 9705                2839
 9710                2849
 9715                2755
 9720                2705
 9725                2840
 9730                2861
 9735                2856
 9740                3139
 9745                3282
 9750                3002
 9755                3153
 9760                3146
 9765                3152
 9770                3152
 9775                2710
 9780                3151
 9785                2874
 9790                3009
 9795                3020
 9800                2882
 9805                3167
 9810                3019
 9815                3027
 9820                2875
 9825                3381
 9830                3181
 9835                2893
 9840                2884
 9845                2900
 9850                3041
 9855                2886
 9860                2744
 9865                2902
 9870                3055
 9875                3042
 9880                3047
 9885                3606
 9890                3088
 9895                3056
 9900                2946
 9905                3210
 9910                2918
 9915                2920
 9920                3049
 9925                3069
 9930                2924
 9935                3195
 9940                2920
 9945                3210
 9950                2910
 9955                3252
 9960                2920
 9965                2916
 9970                3217
 9975                3211
 9980                3064
 9985                2828
 9990                2821
 9995                2946
